#TimeStep,Date,DaysInPeriod,ZeroOrderDIM,AverageDIM,AverageFLOW,SimpleDIM,NettingSet
0,2016-02-19,14,83884.086214,83975.129153,0.000000,72444.271289,CPTY_A
1,2016-03-04,14,84628.871575,83489.720237,0.000000,99254.038432,CPTY_A
2,2016-03-18,14,80227.522939,77783.487204,0.000000,90406.022717,CPTY_A
3,2016-04-01,14,93983.106570,93428.163009,0.000000,108975.156244,CPTY_A
4,2016-04-15,14,72591.078603,71883.091812,0.000000,72890.312273,CPTY_A
5,2016-04-29,14,79939.739751,77129.615412,0.000000,97807.334240,CPTY_A
6,2016-05-13,14,74993.994752,74670.676228,0.000000,66644.502708,CPTY_A
7,2016-05-27,14,85795.751610,85084.490102,0.000000,85870.730647,CPTY_A
8,2016-06-10,14,96599.945793,92748.334290,0.000000,146375.837703,CPTY_A
9,2016-06-24,14,79984.262045,79226.722040,0.000000,83512.743466,CPTY_A
10,2016-07-08,14,93596.373975,89207.340724,0.000000,120122.689749,CPTY_A
11,2016-07-22,14,71528.369916,70056.978986,0.000000,63314.658578,CPTY_A
12,2016-08-05,14,80088.128136,75153.575595,0.000000,73212.826074,CPTY_A
13,2016-08-19,14,85771.106547,83042.807473,0.000000,112077.211829,CPTY_A
14,2016-09-02,14,78839.534992,75392.451396,0.000000,91071.193813,CPTY_A
15,2016-09-16,14,74137.041728,72631.958150,0.000000,80052.907174,CPTY_A
16,2016-09-30,14,78836.982577,76832.722359,0.000000,72624.615541,CPTY_A
17,2016-10-14,14,87275.908335,84447.516048,0.000000,92298.034700,CPTY_A
18,2016-10-28,17,81105.653420,77662.219356,0.000000,55901.218696,CPTY_A
19,2016-11-14,11,74807.404080,72283.609822,0.000000,106051.295179,CPTY_A
20,2016-11-25,14,91281.548655,83176.970420,0.000000,127713.433625,CPTY_A
21,2016-12-09,14,78368.458708,72575.372471,0.000000,84134.649175,CPTY_A
22,2016-12-23,14,93972.065482,84631.279456,0.000000,128417.934339,CPTY_A
23,2017-01-06,14,93488.225415,75298.505329,0.000000,143121.195417,CPTY_A
24,2017-01-20,14,76253.519110,73717.023542,0.000000,71894.418558,CPTY_A
25,2017-02-03,14,93724.842532,90642.003803,0.000000,107330.858912,CPTY_A
26,2017-02-17,14,75467.107973,70552.059313,0.000000,72966.249898,CPTY_A
27,2017-03-03,14,88906.836603,79410.194800,0.000000,90454.139115,CPTY_A
28,2017-03-17,14,86560.708198,76758.200749,0.000000,118764.273644,CPTY_A
29,2017-03-31,18,89381.480947,84422.675601,0.000000,82352.057170,CPTY_A
30,2017-04-18,10,78726.612441,75827.968218,0.000000,93446.798705,CPTY_A
31,2017-04-28,14,78122.777552,73519.984213,0.000000,92677.705642,CPTY_A
32,2017-05-12,14,78258.884074,75490.468971,0.000000,77375.965848,CPTY_A
33,2017-05-26,14,79655.398924,74379.844426,0.000000,69903.602575,CPTY_A
34,2017-06-09,14,84392.051202,78503.821450,0.000000,87339.940540,CPTY_A
35,2017-06-23,14,86828.898456,78005.779011,0.000000,108157.167435,CPTY_A
36,2017-07-07,14,78789.318267,73153.319110,0.000000,78468.790010,CPTY_A
37,2017-07-21,14,83590.080545,75333.234227,0.000000,91542.780795,CPTY_A
38,2017-08-04,14,109851.417495,92924.611799,0.000000,132548.455264,CPTY_A
39,2017-08-18,14,87813.502458,79622.099812,0.000000,102559.700236,CPTY_A
40,2017-09-01,14,99896.279843,73525.118039,0.000000,97097.061045,CPTY_A
41,2017-09-15,14,90615.357529,83401.356999,0.000000,84873.698941,CPTY_A
42,2017-09-29,14,70661.700025,66194.745797,0.000000,68902.478484,CPTY_A
43,2017-10-13,14,85353.225920,70948.244097,0.000000,128295.118513,CPTY_A
44,2017-10-27,17,86199.737232,75593.219152,0.000000,69962.125779,CPTY_A
45,2017-11-13,11,86599.522874,72537.134738,0.000000,84040.242156,CPTY_A
46,2017-11-24,14,88143.898915,76633.615374,0.000000,101143.633049,CPTY_A
47,2017-12-08,14,87017.390892,74934.070371,0.000000,124389.327235,CPTY_A
48,2017-12-22,14,95262.405725,85652.559519,0.000000,138389.953661,CPTY_A
49,2018-01-05,14,94355.477804,71994.283559,0.000000,76475.644430,CPTY_A
50,2018-01-19,14,103508.235574,88358.736579,0.000000,128342.330678,CPTY_A
51,2018-02-02,14,95047.400697,72949.571621,0.000000,154943.214077,CPTY_A
52,2018-02-16,14,83557.802939,73520.423896,0.000000,130464.535611,CPTY_A
53,2018-03-02,14,122834.087341,95039.002603,0.000000,186068.297238,CPTY_A
54,2018-03-16,18,79237.822395,59121.866170,0.000000,106566.051646,CPTY_A
55,2018-04-03,10,82444.372422,74286.977126,0.000000,95548.228725,CPTY_A
56,2018-04-13,14,92910.856738,71842.911626,0.000000,116592.273229,CPTY_A
57,2018-04-27,14,68782.567086,66473.241198,0.000000,50705.201276,CPTY_A
58,2018-05-11,14,74874.332933,70061.855111,0.000000,83708.299311,CPTY_A
59,2018-05-25,14,73164.126693,68812.437850,0.000000,91272.781618,CPTY_A
60,2018-06-08,14,87645.072760,78221.838929,0.000000,78907.267006,CPTY_A
61,2018-06-22,14,81318.690856,69466.456746,0.000000,99101.137182,CPTY_A
62,2018-07-06,14,77602.453836,61896.084160,0.000000,79761.581035,CPTY_A
63,2018-07-20,14,99087.546266,77965.700550,0.000000,128297.639522,CPTY_A
64,2018-08-03,14,83746.347285,79129.332739,0.000000,81377.409010,CPTY_A
65,2018-08-17,14,68219.594999,65848.524508,0.000000,71681.364905,CPTY_A
66,2018-08-31,14,105421.692236,77147.647290,0.000000,193155.380883,CPTY_A
67,2018-09-14,14,71180.301723,63956.903219,0.000000,64691.956537,CPTY_A
68,2018-09-28,14,87471.966784,75641.715070,0.000000,102470.545045,CPTY_A
69,2018-10-12,14,101371.692547,74214.341169,0.000000,195835.414095,CPTY_A
70,2018-10-26,14,87259.843551,81572.703897,0.000000,131939.523063,CPTY_A
71,2018-11-09,14,78085.998988,71302.086836,0.000000,95359.818716,CPTY_A
72,2018-11-23,14,85590.943054,78840.279756,0.000000,125869.830624,CPTY_A
73,2018-12-07,14,77131.201759,72248.708580,0.000000,99948.675428,CPTY_A
74,2018-12-21,14,93113.240387,85677.946499,0.000000,98653.231570,CPTY_A
75,2019-01-04,14,77378.803176,72035.612732,0.000000,76158.012872,CPTY_A
76,2019-01-18,14,77736.275779,71782.371624,0.000000,89996.945720,CPTY_A
77,2019-02-01,14,87263.777323,76675.021519,0.000000,126598.108297,CPTY_A
78,2019-02-15,14,112450.769114,78712.557228,0.000000,219647.191714,CPTY_A
79,2019-03-01,14,79835.313102,69336.495062,0.000000,101167.163719,CPTY_A
80,2019-03-15,14,94083.635164,79139.251819,0.000000,124716.070741,CPTY_A
81,2019-03-29,14,93499.645767,68019.127098,0.000000,192911.282065,CPTY_A
82,2019-04-12,14,108160.157251,95257.458024,0.000000,144275.122527,CPTY_A
83,2019-04-26,14,102875.864364,73130.899889,0.000000,181468.057760,CPTY_A
84,2019-05-10,14,75958.773008,68589.621100,0.000000,69306.010790,CPTY_A
85,2019-05-24,14,108420.731248,90647.679223,0.000000,101113.622506,CPTY_A
86,2019-06-07,14,102256.080682,73423.656077,0.000000,82326.472687,CPTY_A
87,2019-06-21,14,87272.839316,73294.692730,0.000000,78295.389686,CPTY_A
88,2019-07-05,14,115987.639085,84901.548987,0.000000,162541.878416,CPTY_A
89,2019-07-19,14,99124.438847,78707.577250,0.000000,114911.607555,CPTY_A
90,2019-08-02,14,86198.053600,77023.179426,0.000000,99193.136525,CPTY_A
91,2019-08-16,14,110061.940646,80829.569937,0.000000,242178.368767,CPTY_A
92,2019-08-30,14,98560.721007,84932.780385,0.000000,115172.734740,CPTY_A
93,2019-09-13,14,97547.135454,74339.070411,0.000000,128510.315249,CPTY_A
94,2019-09-27,14,85455.737085,78309.908356,0.000000,103739.365860,CPTY_A
95,2019-10-11,14,101983.493764,91514.242485,0.000000,159015.209676,CPTY_A
96,2019-10-25,14,78714.832344,72647.131435,0.000000,92861.244218,CPTY_A
97,2019-11-08,14,96636.162810,75378.723593,0.000000,159809.914124,CPTY_A
98,2019-11-22,14,100852.380828,91570.176477,0.000000,89340.304671,CPTY_A
99,2019-12-06,14,78778.865420,69383.812229,0.000000,83878.648746,CPTY_A
100,2019-12-20,14,87656.182783,72458.944097,0.000000,106021.200021,CPTY_A
101,2020-01-03,14,106467.607233,77477.130134,0.000000,122312.430235,CPTY_A
102,2020-01-17,14,107526.932392,92530.566643,0.000000,144333.443986,CPTY_A
103,2020-01-31,14,95433.519004,73564.430079,0.000000,158593.807666,CPTY_A
104,2020-02-14,14,103460.413845,81273.087251,0.000000,146300.181755,CPTY_A
105,2020-02-28,14,92329.343470,68193.265616,0.000000,124671.911081,CPTY_A
106,2020-03-13,14,113546.937556,94716.828556,0.000000,137076.471926,CPTY_A
107,2020-03-27,18,100732.188044,83400.525868,0.000000,100980.667514,CPTY_A
108,2020-04-14,10,107037.795784,82857.973530,0.000000,120062.283349,CPTY_A
109,2020-04-24,17,102204.495195,79377.751761,0.000000,83429.773856,CPTY_A
110,2020-05-11,11,105292.024121,84944.572939,0.000000,143952.269200,CPTY_A
111,2020-05-22,14,85039.637220,72147.308198,0.000000,118733.732703,CPTY_A
112,2020-06-05,14,100950.475000,88219.986983,0.000000,149145.720650,CPTY_A
113,2020-06-19,17,80897.839076,72190.584429,0.000000,113557.743847,CPTY_A
114,2020-07-06,11,107510.537928,89086.158030,0.000000,100965.293114,CPTY_A
115,2020-07-17,14,98191.459021,85634.950288,0.000000,132592.063690,CPTY_A
116,2020-07-31,14,72066.707204,64104.614947,0.000000,73354.959237,CPTY_A
117,2020-08-14,14,80546.488734,68315.936554,0.000000,100600.154843,CPTY_A
118,2020-08-28,14,77841.821847,65477.030525,0.000000,70050.454086,CPTY_A
119,2020-09-11,14,107886.966697,86315.962984,0.000000,204653.870594,CPTY_A
120,2020-09-25,14,98084.409433,81395.190042,0.000000,156354.251488,CPTY_A
121,2020-10-09,14,89259.166590,72479.185950,0.000000,169970.925352,CPTY_A
122,2020-10-23,14,77808.724775,66350.964815,0.000000,108017.691870,CPTY_A
123,2020-11-06,14,99490.330445,79833.655952,0.000000,144403.680454,CPTY_A
124,2020-11-20,14,77691.504069,60923.135675,0.000000,94164.733301,CPTY_A
125,2020-12-04,14,106522.002109,84180.639809,0.000000,139627.030501,CPTY_A
126,2020-12-18,17,79621.797100,76709.449336,0.000000,95838.675559,CPTY_A
127,2021-01-04,11,95937.349543,80791.448138,0.000000,109462.669110,CPTY_A
128,2021-01-15,14,93109.050233,81111.264253,0.000000,97568.280874,CPTY_A
129,2021-01-29,14,90027.954339,82228.579395,0.000000,96464.084542,CPTY_A
130,2021-02-12,14,105935.635939,85637.217205,0.000000,128057.728671,CPTY_A
131,2021-02-26,14,75536.759493,70393.395162,0.000000,86361.997636,CPTY_A
132,2021-03-12,14,98621.215728,76836.435782,0.000000,93327.416465,CPTY_A
133,2021-03-26,14,83336.293774,71825.826933,0.000000,86612.679732,CPTY_A
134,2021-04-09,14,69998.306686,60879.233679,0.000000,85644.823189,CPTY_A
135,2021-04-23,14,120462.736552,94457.202921,0.000000,186476.336224,CPTY_A
136,2021-05-07,14,109862.703994,93749.943230,0.000000,125566.748477,CPTY_A
137,2021-05-21,14,87937.851765,75254.292650,0.000000,89279.387016,CPTY_A
138,2021-06-04,14,69754.976838,63465.675754,0.000000,67031.637160,CPTY_A
139,2021-06-18,14,86250.655733,81273.331098,0.000000,108250.970946,CPTY_A
140,2021-07-02,14,83942.733042,75957.478098,0.000000,87499.271164,CPTY_A
141,2021-07-16,14,90466.676177,71347.084326,0.000000,147775.906024,CPTY_A
142,2021-07-30,14,121427.543325,98064.263965,0.000000,178358.944267,CPTY_A
143,2021-08-13,14,102688.252200,85469.621090,0.000000,74321.398031,CPTY_A
144,2021-08-27,14,65003.125462,56954.119655,0.000000,48403.395269,CPTY_A
145,2021-09-10,14,76059.783564,69498.937507,0.000000,77282.641126,CPTY_A
146,2021-09-24,14,75598.801211,64089.456110,0.000000,100379.613295,CPTY_A
147,2021-10-08,14,116560.990806,92902.990764,0.000000,113147.063577,CPTY_A
148,2021-10-22,14,88603.734374,78128.060294,0.000000,100810.132188,CPTY_A
149,2021-11-05,14,95446.978190,84455.575065,0.000000,78720.374796,CPTY_A
150,2021-11-19,14,97964.832133,81474.361607,0.000000,179490.453002,CPTY_A
151,2021-12-03,14,82868.353490,72500.557122,0.000000,123922.116824,CPTY_A
152,2021-12-17,18,82676.132189,79718.405279,0.000000,90584.824075,CPTY_A
153,2022-01-04,10,75793.401714,71575.647861,0.000000,96484.125186,CPTY_A
154,2022-01-14,14,87471.730040,71377.036475,0.000000,54445.349668,CPTY_A
155,2022-01-28,14,90533.445782,82825.279682,0.000000,114076.811165,CPTY_A
156,2022-02-11,14,80564.920170,72725.157232,0.000000,97254.859499,CPTY_A
157,2022-02-25,14,89190.237665,74484.181071,0.000000,97664.624807,CPTY_A
158,2022-03-11,14,81320.360940,71177.617669,0.000000,156610.136252,CPTY_A
159,2022-03-25,14,94721.255565,84617.855422,0.000000,149376.941426,CPTY_A
160,2022-04-08,14,82339.886298,73772.865798,0.000000,87267.438236,CPTY_A
161,2022-04-22,14,109821.115642,92189.826428,0.000000,153487.334748,CPTY_A
162,2022-05-06,14,90129.904745,75616.122245,0.000000,116006.570563,CPTY_A
163,2022-05-20,14,67422.153862,64940.100735,0.000000,57487.743342,CPTY_A
164,2022-06-03,14,91899.088330,76342.041759,0.000000,199880.939799,CPTY_A
165,2022-06-17,14,97665.979385,81527.407992,0.000000,121075.879929,CPTY_A
166,2022-07-01,14,89053.513042,77915.759920,0.000000,117828.732669,CPTY_A
167,2022-07-15,14,82579.100711,73368.097645,0.000000,104988.514287,CPTY_A
168,2022-07-29,14,62452.453331,59772.106250,0.000000,78381.548175,CPTY_A
169,2022-08-12,14,79716.445569,73927.411210,0.000000,139865.161197,CPTY_A
170,2022-08-26,14,87518.991656,82805.438416,0.000000,118299.989279,CPTY_A
171,2022-09-09,14,72930.375728,70390.861001,0.000000,98535.103491,CPTY_A
172,2022-09-23,14,67798.443075,62086.544329,0.000000,94716.087531,CPTY_A
173,2022-10-07,14,115675.719181,95486.562062,0.000000,152053.578442,CPTY_A
174,2022-10-21,14,83678.039490,72426.525000,0.000000,109990.629546,CPTY_A
175,2022-11-04,14,86534.832337,77369.169352,0.000000,86180.370678,CPTY_A
176,2022-11-18,14,87850.746864,78798.396995,0.000000,126522.648794,CPTY_A
177,2022-12-02,14,92179.152669,87391.432513,0.000000,128072.646352,CPTY_A
178,2022-12-16,14,88558.165692,80848.205480,0.000000,96528.181212,CPTY_A
179,2022-12-30,14,75651.204555,64063.825201,0.000000,137951.091761,CPTY_A
180,2023-01-13,14,82604.122625,77230.490751,0.000000,83274.251592,CPTY_A
181,2023-01-27,14,83151.177840,78598.474877,0.000000,90434.506084,CPTY_A
182,2023-02-10,14,89983.033821,74893.309525,0.000000,178843.025773,CPTY_A
183,2023-02-24,14,82103.223573,71263.313521,0.000000,97901.566566,CPTY_A
184,2023-03-10,14,86696.730328,73126.441778,0.000000,162821.164935,CPTY_A
185,2023-03-24,18,81780.338535,72198.676969,0.000000,92291.449451,CPTY_A
186,2023-04-11,10,87110.061950,73594.527950,0.000000,85517.606499,CPTY_A
187,2023-04-21,14,73868.244279,65621.996880,0.000000,67253.763217,CPTY_A
188,2023-05-05,14,81035.298852,78143.864569,0.000000,80046.331733,CPTY_A
189,2023-05-19,14,89984.450396,80436.295740,0.000000,147356.342947,CPTY_A
190,2023-06-02,14,105124.577929,89434.540399,0.000000,192109.165810,CPTY_A
191,2023-06-16,14,82732.688569,74653.691140,0.000000,85584.961413,CPTY_A
192,2023-06-30,14,79009.268899,68656.203741,0.000000,104369.214941,CPTY_A
193,2023-07-14,14,87106.594009,84410.946715,0.000000,68488.016283,CPTY_A
194,2023-07-28,14,80751.801841,74561.334109,0.000000,84943.130825,CPTY_A
195,2023-08-11,14,81318.764969,74921.105952,0.000000,103783.645986,CPTY_A
196,2023-08-25,14,98967.851298,81729.724839,0.000000,115488.700393,CPTY_A
197,2023-09-08,14,84896.552481,80804.744409,0.000000,98435.433850,CPTY_A
198,2023-09-22,14,90075.651705,79724.517083,0.000000,143415.073935,CPTY_A
199,2023-10-06,14,74442.539037,64721.520083,0.000000,57413.729962,CPTY_A
200,2023-10-20,14,99183.287216,84545.282271,0.000000,123488.949249,CPTY_A
201,2023-11-03,14,112824.409759,104608.846755,0.000000,157534.667117,CPTY_A
202,2023-11-17,14,80985.641235,70171.072465,0.000000,136841.826600,CPTY_A
203,2023-12-01,14,72931.718373,70353.511588,0.000000,91632.349297,CPTY_A
204,2023-12-15,14,104054.495907,94169.843498,0.000000,89776.651948,CPTY_A
205,2023-12-29,14,88074.254056,78290.874767,0.000000,107223.375227,CPTY_A
206,2024-01-12,14,82788.790117,73409.548264,0.000000,124041.843906,CPTY_A
207,2024-01-26,14,82994.693387,81256.954368,0.000000,123088.533571,CPTY_A
208,2024-02-09,14,96715.346981,87168.220471,0.000000,167597.878833,CPTY_A
209,2024-02-23,14,72093.020993,61613.792222,0.000000,67727.873012,CPTY_A
210,2024-03-08,14,97419.175934,86619.981750,0.000000,100440.405884,CPTY_A
211,2024-03-22,14,89728.277326,87898.225069,0.000000,112780.899757,CPTY_A
212,2024-04-05,14,90094.829407,77802.878401,0.000000,129340.913352,CPTY_A
213,2024-04-19,14,71845.194813,70098.367821,0.000000,133870.025433,CPTY_A
214,2024-05-03,14,107600.716751,93165.264775,0.000000,131703.255866,CPTY_A
215,2024-05-17,14,90701.962933,86616.220251,0.000000,81180.160239,CPTY_A
216,2024-05-31,14,117797.099725,98739.333665,0.000000,172970.649175,CPTY_A
217,2024-06-14,14,76251.686496,69976.244282,0.000000,99659.421978,CPTY_A
218,2024-06-28,14,75262.241327,71872.984632,0.000000,79377.350451,CPTY_A
219,2024-07-12,14,82812.547020,71291.548946,0.000000,127149.379234,CPTY_A
220,2024-07-26,14,106143.031219,95440.973470,0.000000,107370.798896,CPTY_A
221,2024-08-09,14,104267.235744,97514.249458,0.000000,140145.258496,CPTY_A
222,2024-08-23,14,88443.628239,76947.366251,0.000000,179164.951851,CPTY_A
223,2024-09-06,14,101469.514667,97193.820047,0.000000,130794.783479,CPTY_A
224,2024-09-20,14,86126.976888,78376.360758,0.000000,88633.441962,CPTY_A
225,2024-10-04,14,88542.417135,73533.223329,0.000000,147082.752573,CPTY_A
226,2024-10-18,14,103709.263865,89394.199889,0.000000,140563.754131,CPTY_A
227,2024-11-01,14,84427.881391,77010.661113,0.000000,107140.233773,CPTY_A
228,2024-11-15,14,81366.427266,80414.506179,0.000000,79317.410351,CPTY_A
229,2024-11-29,14,107263.228855,97183.588007,0.000000,186046.231555,CPTY_A
230,2024-12-13,14,105972.464538,89513.135617,0.000000,110674.666541,CPTY_A
231,2024-12-27,14,100820.983346,84840.298590,0.000000,146964.018206,CPTY_A
232,2025-01-10,14,81966.268203,75009.380919,0.000000,94693.098291,CPTY_A
233,2025-01-24,14,132503.400202,111210.606281,0.000000,165855.377605,CPTY_A
234,2025-02-07,14,72943.734408,62979.494045,0.000000,103022.552858,CPTY_A
235,2025-02-21,14,92224.614311,75605.159074,0.000000,163003.085563,CPTY_A
236,2025-03-07,14,89353.560263,73068.900082,0.000000,149522.758260,CPTY_A
237,2025-03-21,14,103912.598170,99648.980982,0.000000,163350.518189,CPTY_A
238,2025-04-04,18,89968.421215,86784.657171,0.000000,112295.394109,CPTY_A
239,2025-04-22,10,78237.815801,66385.942657,0.000000,104822.722642,CPTY_A
240,2025-05-02,14,110490.049115,101062.838220,0.000000,133621.024235,CPTY_A
241,2025-05-16,14,98798.445699,83396.449861,0.000000,135991.020580,CPTY_A
242,2025-05-30,14,86045.715338,81449.685000,0.000000,91027.032958,CPTY_A
243,2025-06-13,14,113471.337791,99104.934002,0.000000,156947.536988,CPTY_A
244,2025-06-27,14,83186.463278,73918.270962,0.000000,79265.357469,CPTY_A
245,2025-07-11,14,96328.785867,91862.219034,0.000000,124557.346203,CPTY_A
246,2025-07-25,14,100373.706179,97667.817016,0.000000,166438.582366,CPTY_A
247,2025-08-08,14,95070.370422,88231.396929,0.000000,92106.781477,CPTY_A
248,2025-08-22,14,107277.205614,101171.555388,0.000000,122547.007496,CPTY_A
249,2025-09-05,14,98891.288631,83086.283781,0.000000,152704.818276,CPTY_A
250,2025-09-19,14,109199.664467,87701.698766,0.000000,152927.730792,CPTY_A
251,2025-10-03,14,105785.333105,93229.056357,0.000000,148360.071202,CPTY_A
252,2025-10-17,14,79847.163096,71968.460077,0.000000,107853.409405,CPTY_A
253,2025-10-31,14,86181.833773,68339.927128,0.000000,73185.888881,CPTY_A
254,2025-11-14,14,105557.974031,100365.123397,0.000000,195611.961859,CPTY_A
255,2025-11-28,14,96195.952993,85784.657534,0.000000,141056.377555,CPTY_A
256,2025-12-12,17,76188.183013,69581.551716,0.000000,129820.924957,CPTY_A
257,2025-12-29,11,72091.313217,64909.375623,0.000000,76083.779610,CPTY_A
258,2026-01-09,14,90049.815771,83827.391620,0.000000,130940.883495,CPTY_A
259,2026-01-23,14,89350.996738,85038.554342,0.000000,120889.020648,CPTY_A
260,2026-02-06,14,97718.640695,92856.568221,0.000000,162498.057576,CPTY_A
261,2026-02-20,14,129916.493742,110824.155814,0.000000,179468.676260,CPTY_A
262,2026-03-06,14,118368.330633,96016.612440,0.000000,191630.555782,CPTY_A
263,2026-03-20,18,113037.151817,105772.812057,0.000000,109693.941379,CPTY_A
264,2026-04-07,10,111451.969473,88267.351538,0.000000,98985.925415,CPTY_A
265,2026-04-17,18,131831.017194,104207.670409,0.000000,218438.168675,CPTY_A
266,2026-05-05,10,103562.014175,96339.943200,0.000000,114874.059531,CPTY_A
267,2026-05-15,14,69936.212305,64610.314946,0.000000,86015.327656,CPTY_A
268,2026-05-29,14,100744.531102,88564.158190,0.000000,122969.051725,CPTY_A
269,2026-06-12,14,85305.366485,72086.067179,0.000000,81740.512154,CPTY_A
270,2026-06-26,14,105151.066218,95705.571347,0.000000,145188.510185,CPTY_A
271,2026-07-10,14,138472.864524,132086.966248,0.000000,194088.283546,CPTY_A
272,2026-07-24,14,113026.619442,99126.165094,0.000000,183347.315999,CPTY_A
273,2026-08-07,14,73840.824052,71415.686950,0.000000,103206.613150,CPTY_A
274,2026-08-21,14,91661.916671,90013.282386,0.000000,126550.395200,CPTY_A
275,2026-09-04,14,108759.928745,92403.274342,0.000000,147866.166025,CPTY_A
276,2026-09-18,14,89009.986500,84483.729293,0.000000,94362.718069,CPTY_A
277,2026-10-02,14,98146.303360,99024.503326,0.000000,161078.101763,CPTY_A
278,2026-10-16,14,103012.578027,94106.895624,0.000000,122734.643221,CPTY_A
279,2026-10-30,14,66378.459969,65986.316580,0.000000,134177.100749,CPTY_A
280,2026-11-13,14,111714.108562,102319.909729,0.000000,181200.454709,CPTY_A
281,2026-11-27,14,102460.046226,98711.729375,0.000000,118928.698240,CPTY_A
282,2026-12-11,18,73603.486205,71183.710394,0.000000,88511.614635,CPTY_A
283,2026-12-29,10,103151.758189,92628.426817,0.000000,98536.608565,CPTY_A
284,2027-01-08,14,76660.865242,72369.298405,0.000000,72176.397080,CPTY_A
285,2027-01-22,14,96301.435178,94763.992344,0.000000,94042.118098,CPTY_A
286,2027-02-05,14,94760.482109,75812.219509,0.000000,178941.920335,CPTY_A
287,2027-02-19,14,75856.020825,69824.801678,-11482.869204,96304.215269,CPTY_A
288,2027-03-05,14,89288.497397,82623.842505,0.000000,109934.800973,CPTY_A
289,2027-03-19,14,70683.952573,68380.208982,0.000000,80600.867220,CPTY_A
290,2027-04-02,14,90405.974766,89593.275084,0.000000,164833.799022,CPTY_A
291,2027-04-16,14,90869.834316,74670.236692,0.000000,124522.432122,CPTY_A
292,2027-04-30,14,77895.749177,78022.526617,0.000000,116427.589862,CPTY_A
293,2027-05-14,14,86068.829505,81531.479153,0.000000,107733.017838,CPTY_A
294,2027-05-28,14,65310.153756,60663.338250,0.000000,85721.316404,CPTY_A
295,2027-06-11,14,70228.782833,69930.126023,0.000000,144102.426987,CPTY_A
296,2027-06-25,14,84906.495266,81122.101508,0.000000,136523.129681,CPTY_A
297,2027-07-09,14,92693.447101,82515.628752,0.000000,79442.598178,CPTY_A
298,2027-07-23,14,97919.969001,83444.987907,0.000000,116318.653270,CPTY_A
299,2027-08-06,14,91151.681090,82085.675322,0.000000,107025.445848,CPTY_A
300,2027-08-20,14,92911.563002,86628.447999,-12592.437432,120587.665315,CPTY_A
301,2027-09-03,14,67582.605773,58450.324722,0.000000,91179.575276,CPTY_A
302,2027-09-17,14,86397.297975,73590.499443,0.000000,97214.737908,CPTY_A
303,2027-10-01,14,64178.862600,54635.812105,0.000000,70596.624466,CPTY_A
304,2027-10-15,14,77053.071817,75415.043910,0.000000,113312.280786,CPTY_A
305,2027-10-29,14,79106.951939,65169.995007,0.000000,134776.384460,CPTY_A
306,2027-11-12,14,86234.463641,81005.464784,0.000000,156523.558041,CPTY_A
307,2027-11-26,14,57069.313834,49744.133337,0.000000,80712.078621,CPTY_A
308,2027-12-10,19,70192.938647,66383.584136,0.000000,107566.650645,CPTY_A
309,2027-12-29,9,113740.817537,97417.443957,0.000000,175029.735667,CPTY_A
310,2028-01-07,14,78941.442921,75472.534266,0.000000,96850.974054,CPTY_A
311,2028-01-21,14,85204.078329,87550.059534,0.000000,57755.858648,CPTY_A
312,2028-02-04,14,93593.939417,88791.591630,0.000000,136742.323397,CPTY_A
313,2028-02-18,14,74426.810402,66379.202038,55954.796484,103696.542926,CPTY_A
314,2028-03-03,14,60735.640712,59656.790858,0.000000,93917.205074,CPTY_A
315,2028-03-17,14,96207.502115,88798.622812,0.000000,113311.471229,CPTY_A
316,2028-03-31,18,59897.323051,60090.929471,0.000000,80673.511407,CPTY_A
317,2028-04-18,10,88005.684148,79647.533622,0.000000,99845.469467,CPTY_A
318,2028-04-28,14,71089.402203,69827.197736,0.000000,81520.514344,CPTY_A
319,2028-05-12,14,63541.088381,63201.575087,0.000000,65220.364041,CPTY_A
320,2028-05-26,14,61483.881679,56138.303240,0.000000,91172.420451,CPTY_A
321,2028-06-09,14,60153.130036,57116.448011,0.000000,88908.421841,CPTY_A
322,2028-06-23,14,90071.287249,78520.714648,0.000000,123153.664703,CPTY_A
323,2028-07-07,14,66672.233604,64235.625751,0.000000,70803.830139,CPTY_A
324,2028-07-21,14,78237.183853,68742.758421,0.000000,81993.695306,CPTY_A
325,2028-08-04,14,87725.532955,85413.126260,0.000000,97892.112820,CPTY_A
326,2028-08-18,14,74253.766851,67223.099000,-12427.667646,165658.614449,CPTY_A
327,2028-09-01,14,92565.834006,91137.169216,0.000000,120651.520302,CPTY_A
328,2028-09-15,14,55034.180945,54917.506890,0.000000,89840.501456,CPTY_A
329,2028-09-29,14,59108.230934,51010.800923,0.000000,110965.353872,CPTY_A
330,2028-10-13,14,72595.369989,71579.055087,0.000000,80102.542717,CPTY_A
331,2028-10-27,17,45654.313347,45584.367851,0.000000,49328.737408,CPTY_A
332,2028-11-13,11,71031.642130,63763.361883,0.000000,94266.703094,CPTY_A
333,2028-11-24,14,65873.731842,65283.124471,0.000000,92476.079897,CPTY_A
334,2028-12-08,14,68780.583439,58544.005158,0.000000,145838.270061,CPTY_A
335,2028-12-22,14,66573.574349,65249.091659,0.000000,95358.164807,CPTY_A
336,2029-01-05,14,45574.649172,43673.721089,0.000000,63814.384036,CPTY_A
337,2029-01-19,14,63456.061963,61362.936715,0.000000,80888.951487,CPTY_A
338,2029-02-02,14,52386.019721,52295.665475,0.000000,68717.379235,CPTY_A
339,2029-02-16,14,74753.667108,71827.078637,53975.289375,129129.604884,CPTY_A
340,2029-03-02,14,70619.574720,71859.052051,0.000000,89326.757651,CPTY_A
341,2029-03-16,18,63162.020300,61887.691150,0.000000,78263.066312,CPTY_A
342,2029-04-03,10,53100.064506,47182.459256,0.000000,82423.643039,CPTY_A
343,2029-04-13,14,62316.957497,62877.094420,0.000000,105947.306309,CPTY_A
344,2029-04-27,14,63761.590503,58021.152330,0.000000,87650.459474,CPTY_A
345,2029-05-11,14,76394.038543,68778.750737,0.000000,142894.936540,CPTY_A
346,2029-05-25,14,66579.789374,67072.029154,0.000000,96474.411937,CPTY_A
347,2029-06-08,14,58170.956630,56645.921920,0.000000,99528.078463,CPTY_A
348,2029-06-22,14,63102.516645,63597.736822,0.000000,70736.240527,CPTY_A
349,2029-07-06,14,60668.895104,52819.793505,0.000000,86840.204995,CPTY_A
350,2029-07-20,14,61617.916588,62188.900795,0.000000,98003.385554,CPTY_A
351,2029-08-03,14,69225.647903,68427.288533,0.000000,89265.650433,CPTY_A
352,2029-08-17,14,60705.305293,56110.151790,0.000000,95182.549404,CPTY_A
353,2029-08-31,14,56622.364241,56484.491758,-12481.262002,83565.009323,CPTY_A
354,2029-09-14,14,50962.782248,50316.344061,0.000000,83039.479918,CPTY_A
355,2029-09-28,14,66914.089721,66644.692389,0.000000,78261.232270,CPTY_A
356,2029-10-12,14,52882.600304,53521.019062,0.000000,64899.867848,CPTY_A
357,2029-10-26,14,67372.916355,63630.362453,0.000000,114600.924240,CPTY_A
358,2029-11-09,14,56033.403122,57261.215580,0.000000,73461.319392,CPTY_A
359,2029-11-23,14,61953.421725,60696.517744,0.000000,74434.887593,CPTY_A
360,2029-12-07,14,44164.780882,44797.765792,0.000000,63669.556580,CPTY_A
361,2029-12-21,14,54545.378234,55359.988493,0.000000,57075.263988,CPTY_A
362,2030-01-04,14,45151.573157,46050.147806,0.000000,71286.525789,CPTY_A
363,2030-01-18,14,61703.359261,61969.151469,0.000000,90783.650686,CPTY_A
364,2030-02-01,14,64522.527954,66550.026404,0.000000,111352.820388,CPTY_A
365,2030-02-15,14,58990.523979,53370.365950,59066.346250,71919.529400,CPTY_A
366,2030-03-01,14,48584.380206,50029.575090,0.000000,67389.980020,CPTY_A
367,2030-03-15,14,46863.929685,47363.113419,0.000000,64552.919975,CPTY_A
368,2030-03-29,14,44537.833586,42148.287686,0.000000,44598.935651,CPTY_A
369,2030-04-12,14,59536.488597,54684.629946,0.000000,127399.177075,CPTY_A
370,2030-04-26,14,69535.646872,71220.612101,0.000000,84869.434052,CPTY_A
371,2030-05-10,14,59664.523466,61311.075605,0.000000,76639.207296,CPTY_A
372,2030-05-24,14,56215.195625,53427.957537,0.000000,92610.181204,CPTY_A
373,2030-06-07,14,50171.476034,50437.706439,0.000000,90763.137204,CPTY_A
374,2030-06-21,14,67673.381810,65430.190541,0.000000,77734.742248,CPTY_A
375,2030-07-05,14,50499.440627,51002.654637,0.000000,70009.033879,CPTY_A
376,2030-07-19,14,69417.987150,65725.012134,0.000000,125429.078790,CPTY_A
377,2030-08-02,14,42850.774122,44299.293478,0.000000,45312.837142,CPTY_A
378,2030-08-16,14,46915.812400,48433.309801,0.000000,47127.317656,CPTY_A
379,2030-08-30,14,61434.221361,63756.873699,-8902.173633,109822.368240,CPTY_A
380,2030-09-13,14,40944.681732,42665.164045,0.000000,36547.564842,CPTY_A
381,2030-09-27,14,40676.560506,41358.753504,0.000000,56538.644842,CPTY_A
382,2030-10-11,14,36226.413052,34258.803387,0.000000,52526.816794,CPTY_A
383,2030-10-25,14,55255.014372,50197.661966,0.000000,50522.573711,CPTY_A
384,2030-11-08,14,57020.432957,56005.515779,0.000000,70932.997684,CPTY_A
385,2030-11-22,14,47083.019036,45304.696962,0.000000,81295.580081,CPTY_A
386,2030-12-06,14,45241.460813,43453.977859,0.000000,69297.736564,CPTY_A
387,2030-12-20,14,49329.443950,49399.457268,0.000000,64919.951172,CPTY_A
388,2031-01-03,14,37439.355304,39539.168542,0.000000,17224.964456,CPTY_A
389,2031-01-17,14,54754.881566,56658.629761,0.000000,73615.665769,CPTY_A
390,2031-01-31,14,49375.677869,47580.371604,0.000000,72834.439716,CPTY_A
391,2031-02-14,14,52181.492577,52902.971326,0.000000,83647.817919,CPTY_A
392,2031-02-28,14,36040.958832,36640.298797,56738.102969,50420.263565,CPTY_A
393,2031-03-14,14,48588.066321,50589.359642,0.000000,57287.062631,CPTY_A
394,2031-03-28,18,43343.630053,41311.153344,0.000000,58062.295137,CPTY_A
395,2031-04-15,10,48529.740994,47186.414153,0.000000,28295.036299,CPTY_A
396,2031-04-25,14,37508.215925,36771.905520,0.000000,44326.890573,CPTY_A
397,2031-05-09,14,36441.380794,36638.428273,0.000000,42320.574611,CPTY_A
398,2031-05-23,14,48500.808941,45851.573798,0.000000,61756.999936,CPTY_A
399,2031-06-06,14,42521.838544,40111.394895,0.000000,69584.202768,CPTY_A
400,2031-06-20,17,36921.397216,38687.939005,0.000000,40055.687086,CPTY_A
401,2031-07-07,11,49326.850394,47814.439765,0.000000,88420.524519,CPTY_A
402,2031-07-18,17,42245.948737,42968.883080,0.000000,48565.765279,CPTY_A
403,2031-08-04,11,46541.152544,47304.080945,0.000000,53112.417759,CPTY_A
404,2031-08-15,14,38669.417764,40760.629230,0.000000,50024.106978,CPTY_A
405,2031-08-29,14,42837.872400,40627.179588,-10603.015586,47481.987219,CPTY_A
406,2031-09-12,14,38884.051253,37626.843828,0.000000,39517.207286,CPTY_A
407,2031-09-26,14,29957.535023,29919.662368,0.000000,33433.737936,CPTY_A
408,2031-10-10,14,31026.728840,32755.805384,0.000000,42576.785930,CPTY_A
409,2031-10-24,14,31241.279844,32301.472180,0.000000,43827.889323,CPTY_A
410,2031-11-07,14,30345.116939,30225.583510,0.000000,27006.691836,CPTY_A
411,2031-11-21,14,40433.117008,39567.833234,0.000000,52022.316135,CPTY_A
412,2031-12-05,14,35995.649734,36742.583415,0.000000,64088.626804,CPTY_A
413,2031-12-19,17,33714.498889,35028.440290,0.000000,42074.898753,CPTY_A
414,2032-01-05,11,40918.518657,42609.230037,0.000000,77823.270303,CPTY_A
415,2032-01-16,14,33546.841590,32580.623595,0.000000,26650.716601,CPTY_A
416,2032-01-30,14,31780.762098,32475.866221,0.000000,51791.249262,CPTY_A
417,2032-02-13,14,31727.988787,32414.105949,0.000000,19340.025123,CPTY_A
418,2032-02-27,14,19792.893055,20413.509415,52693.030625,30549.997872,CPTY_A
419,2032-03-12,18,41630.189877,42852.445278,0.000000,49461.068406,CPTY_A
420,2032-03-30,10,37977.470457,38213.557586,0.000000,39412.589933,CPTY_A
421,2032-04-09,14,24665.199098,25166.939536,0.000000,25987.366945,CPTY_A
422,2032-04-23,14,29422.491155,30386.065592,0.000000,36334.597351,CPTY_A
423,2032-05-07,14,39243.318055,37812.147487,0.000000,63933.718534,CPTY_A
424,2032-05-21,14,29583.022899,29713.432616,0.000000,29308.930997,CPTY_A
425,2032-06-04,14,35533.455772,36391.840349,0.000000,44992.991891,CPTY_A
426,2032-06-18,14,29026.041399,30602.138927,0.000000,41594.583876,CPTY_A
427,2032-07-02,14,35375.261676,36102.259761,0.000000,40646.238912,CPTY_A
428,2032-07-16,14,25331.947702,26650.160437,0.000000,37408.538417,CPTY_A
429,2032-07-30,14,38079.116589,38925.301901,0.000000,36524.144285,CPTY_A
430,2032-08-13,14,30219.849227,30992.202777,0.000000,39175.360578,CPTY_A
431,2032-08-27,14,25427.427985,26406.241525,-13605.561587,32494.937739,CPTY_A
432,2032-09-10,14,30579.373901,27505.283800,0.000000,25718.333238,CPTY_A
433,2032-09-24,14,21104.630821,20703.061219,0.000000,28293.897088,CPTY_A
434,2032-10-08,14,28455.369637,29640.969123,0.000000,48373.029251,CPTY_A
435,2032-10-22,14,26739.793467,25778.385123,0.000000,32928.412444,CPTY_A
436,2032-11-05,14,19156.897163,20109.942019,0.000000,26438.675693,CPTY_A
437,2032-11-19,14,29524.755165,30625.366419,0.000000,31819.709128,CPTY_A
438,2032-12-03,14,28126.271800,28012.712353,0.000000,32422.789998,CPTY_A
439,2032-12-17,18,28783.042425,28235.140091,0.000000,46431.173050,CPTY_A
440,2033-01-04,10,17465.326297,17047.794689,0.000000,22820.522121,CPTY_A
441,2033-01-14,14,23641.041376,25150.944886,0.000000,40036.335968,CPTY_A
442,2033-01-28,14,24329.748404,25509.827271,0.000000,23213.840393,CPTY_A
443,2033-02-11,14,23900.211334,23781.784019,0.000000,20101.809232,CPTY_A
444,2033-02-25,14,28059.857241,29462.159143,50616.308555,16273.754005,CPTY_A
445,2033-03-11,14,22617.101257,22070.509068,0.000000,23159.069077,CPTY_A
446,2033-03-25,14,20880.260447,21030.219399,0.000000,26873.181513,CPTY_A
447,2033-04-08,14,22805.523104,24147.513422,0.000000,36608.496931,CPTY_A
448,2033-04-22,14,20809.561864,20423.664097,0.000000,34070.095002,CPTY_A
449,2033-05-06,14,19328.648523,19184.922868,0.000000,33335.692183,CPTY_A
450,2033-05-20,14,21181.654320,21339.643890,0.000000,30506.200112,CPTY_A
451,2033-06-03,14,21403.575169,21446.718438,0.000000,31732.488192,CPTY_A
452,2033-06-17,14,26750.521976,27623.879998,0.000000,36121.952054,CPTY_A
453,2033-07-01,14,19185.765998,19063.770471,0.000000,24229.628635,CPTY_A
454,2033-07-15,14,20187.504410,20672.000707,0.000000,37582.692330,CPTY_A
455,2033-07-29,14,28335.161568,27544.112862,0.000000,28962.087899,CPTY_A
456,2033-08-12,14,24125.093275,24101.489241,0.000000,33656.852478,CPTY_A
457,2033-08-26,14,19805.120792,20815.137789,-14529.242061,26705.780089,CPTY_A
458,2033-09-09,14,12168.427891,12664.900984,0.000000,18359.165080,CPTY_A
459,2033-09-23,14,19818.210902,20785.575347,0.000000,28709.246029,CPTY_A
460,2033-10-07,14,19645.322718,20161.096480,0.000000,17786.616720,CPTY_A
461,2033-10-21,14,17147.277388,17796.376028,0.000000,27585.322901,CPTY_A
462,2033-11-04,14,17177.053909,17522.133887,0.000000,25461.687397,CPTY_A
463,2033-11-18,14,20467.515581,21640.900589,0.000000,21882.329476,CPTY_A
464,2033-12-02,14,16727.711263,17719.879286,0.000000,16197.278919,CPTY_A
465,2033-12-16,14,18038.943506,19398.543946,0.000000,24932.439551,CPTY_A
466,2033-12-30,14,15317.062969,16243.633940,0.000000,17613.078846,CPTY_A
467,2034-01-13,14,17222.178731,18293.157427,0.000000,22126.659912,CPTY_A
468,2034-01-27,14,18417.020471,17626.913526,0.000000,32044.701455,CPTY_A
469,2034-02-10,14,11628.479245,12280.600686,0.000000,15986.061008,CPTY_A
470,2034-02-24,14,15801.800597,16783.456604,49081.662676,19895.446291,CPTY_A
471,2034-03-10,14,11411.704616,12132.525635,0.000000,11920.599925,CPTY_A
472,2034-03-24,18,14609.656722,15562.567367,0.000000,17149.308607,CPTY_A
473,2034-04-11,10,14421.000945,15244.973368,0.000000,17305.846440,CPTY_A
474,2034-04-21,14,13096.367830,13959.307857,0.000000,18029.408819,CPTY_A
475,2034-05-05,14,14297.786432,15193.444428,0.000000,14654.363912,CPTY_A
476,2034-05-19,14,13695.779862,13784.724614,0.000000,21032.005216,CPTY_A
477,2034-06-02,14,16269.880760,17248.949434,0.000000,30819.543539,CPTY_A
478,2034-06-16,14,9567.698014,9506.329732,0.000000,8068.875931,CPTY_A
479,2034-06-30,14,15260.093230,16544.713091,0.000000,19863.809410,CPTY_A
480,2034-07-14,14,10725.283072,11461.441266,0.000000,17202.653579,CPTY_A
481,2034-07-28,14,10954.567841,11676.934005,0.000000,18462.403604,CPTY_A
482,2034-08-11,14,12003.265949,13521.768914,0.000000,10917.193186,CPTY_A
483,2034-08-25,14,13975.103450,14859.538653,-15419.670781,20979.477686,CPTY_A
484,2034-09-08,14,10808.123886,11539.868418,0.000000,13179.536830,CPTY_A
485,2034-09-22,14,7397.161981,7139.729818,0.000000,13476.983974,CPTY_A
486,2034-10-06,14,8684.507591,8847.065684,0.000000,11330.550339,CPTY_A
487,2034-10-20,14,8065.260055,8613.419611,0.000000,11098.002987,CPTY_A
488,2034-11-03,14,6475.541651,6892.811230,0.000000,11421.979883,CPTY_A
489,2034-11-17,14,7786.134156,8246.996270,0.000000,10248.408858,CPTY_A
490,2034-12-01,14,6479.294774,6870.123258,0.000000,10568.669028,CPTY_A
491,2034-12-15,14,9415.076529,10353.768054,0.000000,13675.754119,CPTY_A
492,2034-12-29,14,7022.276136,6906.239363,0.000000,8229.165907,CPTY_A
493,2035-01-12,14,9736.663298,10341.564280,0.000000,11914.383989,CPTY_A
494,2035-01-26,14,8721.933282,8787.850372,0.000000,12892.953433,CPTY_A
495,2035-02-09,14,7890.050483,7774.424801,0.000000,13088.914316,CPTY_A
496,2035-02-23,14,10378.422890,10431.810926,46696.555430,13485.654145,CPTY_A
497,2035-03-09,18,4775.046618,5126.248785,0.000000,7572.110942,CPTY_A
498,2035-03-27,10,4435.844088,4641.121493,0.000000,5522.546667,CPTY_A
499,2035-04-06,14,3497.906339,3779.801623,0.000000,3092.890247,CPTY_A
500,2035-04-20,14,3780.273055,4263.986895,0.000000,6821.611485,CPTY_A
501,2035-05-04,14,4327.421862,4767.918425,0.000000,4107.564314,CPTY_A
502,2035-05-18,14,4549.470679,4930.428358,0.000000,3798.344064,CPTY_A
503,2035-06-01,14,3347.682050,3607.054184,0.000000,5510.025845,CPTY_A
504,2035-06-15,14,4268.337337,4575.182991,0.000000,4415.247487,CPTY_A
505,2035-06-29,14,4251.865687,4496.711483,0.000000,3669.989449,CPTY_A
506,2035-07-13,14,2996.971946,3226.995551,0.000000,4321.809397,CPTY_A
507,2035-07-27,14,5774.608629,5858.094558,0.000000,8008.849109,CPTY_A
508,2035-08-10,14,5294.598336,5582.326507,0.000000,5842.463857,CPTY_A
509,2035-08-24,14,3474.948642,3699.402132,-15799.997983,4148.226865,CPTY_A
510,2035-09-07,14,62.220949,72.799805,0.000000,105.561417,CPTY_A
511,2035-09-21,14,86.748629,84.673867,0.000000,91.388905,CPTY_A
512,2035-10-05,14,97.781163,98.489080,0.000000,111.729853,CPTY_A
513,2035-10-19,14,69.837671,86.198349,0.000000,106.190655,CPTY_A
514,2035-11-02,14,73.396788,75.723596,0.000000,73.297297,CPTY_A
515,2035-11-16,14,80.955650,82.618517,0.000000,53.817863,CPTY_A
516,2035-11-30,14,60.807759,67.756191,0.000000,68.648005,CPTY_A
517,2035-12-14,14,55.733057,63.426834,0.000000,62.346418,CPTY_A
518,2035-12-28,14,63.943468,66.408302,0.000000,49.177620,CPTY_A
519,2036-01-11,14,63.125435,69.814553,0.000000,59.839000,CPTY_A
520,2036-01-25,14,68.511344,71.218016,0.000000,56.745167,CPTY_A
521,2036-02-08,14,60.494017,66.549083,0.000000,57.521454,CPTY_A
522,2036-02-22,14,43.118877,48.953474,45154.863164,45.920110,CPTY_A
523,2036-03-07,14,0.000000,0.000000,0.000000,0.000000,CPTY_A
524,2036-03-21,14,0.000000,0.000000,0.000000,0.000000,CPTY_A
525,2036-04-04,14,0.000000,0.000000,0.000000,0.000000,CPTY_A
526,2036-04-18,14,0.000000,0.000000,0.000000,0.000000,CPTY_A
527,2036-05-02,14,0.000000,0.000000,0.000000,0.000000,CPTY_A
528,2036-05-16,14,0.000000,0.000000,0.000000,0.000000,CPTY_A
529,2036-05-30,14,0.000000,0.000000,0.000000,0.000000,CPTY_A
530,2036-06-13,14,0.000000,0.000000,0.000000,0.000000,CPTY_A
531,2036-06-27,14,0.000000,0.000000,0.000000,0.000000,CPTY_A
532,2036-07-11,14,0.000000,0.000000,0.000000,0.000000,CPTY_A
533,2036-07-25,14,0.000000,0.000000,0.000000,0.000000,CPTY_A
534,2036-08-08,14,0.000000,0.000000,0.000000,0.000000,CPTY_A
535,2036-08-22,14,0.000000,0.000000,0.000000,0.000000,CPTY_A
536,2036-09-05,14,0.000000,0.000000,0.000000,0.000000,CPTY_A
537,2036-09-19,14,0.000000,0.000000,0.000000,0.000000,CPTY_A
538,2036-10-03,14,0.000000,0.000000,0.000000,0.000000,CPTY_A
