#Sample,Regressor_0_EUR-EURIBOR-3M,RegressionDIM,LocalDIM,ExpectedDIM,ZeroOrderDIM,DeltaNPV,SimpleDIM
0,-0.025569,120565.032110,0.000000,95924.843744,95924.509043,139694.180742,127742.957642
1,-0.025146,120565.032110,0.000000,95924.843744,95924.509043,64826.531323,127742.957642
2,-0.024895,120565.032110,121249.183629,95924.843744,95924.509043,48714.835208,127742.957642
3,-0.021620,120565.032110,121194.615123,95924.843744,95924.509043,108336.022028,127742.957642
4,-0.019818,120565.032110,0.000000,95924.843744,95924.509043,-3777.803896,127742.957642
5,-0.019488,120565.032110,0.000000,95924.843744,95924.509043,-142654.561739,127742.957642
6,-0.019273,120565.032110,0.000000,95924.843744,95924.509043,83509.451978,127742.957642
7,-0.018324,120565.032110,0.000000,95924.843744,95924.509043,58183.193420,127742.957642
8,-0.018021,120565.032110,0.000000,95924.843744,95924.509043,320770.217419,127742.957642
9,-0.017849,120565.032110,0.000000,95924.843744,95924.509043,-127500.259276,127742.957642
10,-0.017848,120565.032110,0.000000,95924.843744,95924.509043,123119.392563,127742.957642
11,-0.017376,120565.032110,0.000000,95924.843744,95924.509043,-90208.189847,127742.957642
12,-0.016858,120565.032110,0.000000,95924.843744,95924.509043,-20791.478733,127742.957642
13,-0.016380,120565.032110,0.000000,95924.843744,95924.509043,-10782.728167,127742.957642
14,-0.016067,120565.032110,0.000000,95924.843744,95924.509043,-33871.524001,127742.957642
15,-0.016018,120565.032110,0.000000,95924.843744,95924.509043,-2154.243126,127742.957642
16,-0.015814,120565.032110,0.000000,95924.843744,95924.509043,1448.898996,127742.957642
17,-0.015350,120565.032110,0.000000,95924.843744,95924.509043,-112693.278798,127742.957642
18,-0.015253,120565.032110,121088.513825,95924.843744,95924.509043,-37430.256587,127742.957642
19,-0.014319,120565.032110,0.000000,95924.843744,95924.509043,-90778.134259,127742.957642
20,-0.014050,120565.032110,0.000000,95924.843744,95924.509043,-40179.468854,127742.957642
21,-0.014027,120565.032110,0.000000,95924.843744,95924.509043,-43529.521332,127742.957642
22,-0.014003,120565.032110,0.000000,95924.843744,95924.509043,-128892.000614,127742.957642
23,-0.013836,120565.032110,0.000000,95924.843744,95924.509043,207151.963197,127742.957642
24,-0.013572,120565.032110,0.000000,95924.843744,95924.509043,38744.255778,127742.957642
25,-0.013043,120565.032110,0.000000,95924.843744,95924.509043,92125.620836,127742.957642
26,-0.012888,120565.032110,0.000000,95924.843744,95924.509043,42375.905766,127742.957642
27,-0.012774,120565.032110,0.000000,95924.843744,95924.509043,-160376.189155,127742.957642
28,-0.012717,120565.032110,121046.248420,95924.843744,95924.509043,19154.628012,127742.957642
29,-0.012636,120565.032110,0.000000,95924.843744,95924.509043,-110827.517825,127742.957642
30,-0.011656,120565.032110,0.000000,95924.843744,95924.509043,33140.283141,127742.957642
31,-0.011608,120565.032110,0.000000,95924.843744,95924.509043,152863.342651,127742.957642
32,-0.010986,120565.032110,0.000000,95924.843744,95924.509043,97031.242088,127742.957642
33,-0.010574,120565.032110,0.000000,95924.843744,95924.509043,-36666.790454,127742.957642
34,-0.010430,120565.032110,0.000000,95924.843744,95924.509043,-64447.502604,127742.957642
35,-0.010290,120565.032110,0.000000,95924.843744,95924.509043,-34642.187427,127742.957642
36,-0.009910,120565.032110,0.000000,95924.843744,95924.509043,106896.101270,127742.957642
37,-0.009662,120565.032110,0.000000,95924.843744,95924.509043,39007.290340,127742.957642
38,-0.009501,120565.032110,0.000000,95924.843744,95924.509043,-91049.223824,127742.957642
39,-0.009442,120565.032110,120991.680758,95924.843744,95924.509043,11016.535873,127742.957642
40,-0.009383,120565.032110,0.000000,95924.843744,95924.509043,43833.761996,127742.957642
41,-0.009103,120565.032110,0.000000,95924.843744,95924.509043,109378.025931,127742.957642
42,-0.008135,120565.032110,0.000000,95924.843744,95924.509043,-11179.752245,127742.957642
43,-0.008102,120565.032110,0.000000,95924.843744,95924.509043,108482.139179,127742.957642
44,-0.008022,120565.032110,0.000000,95924.843744,95924.509043,-59365.434425,127742.957642
45,-0.007938,120565.032110,0.000000,95924.843744,95924.509043,-6810.768735,127742.957642
46,-0.007874,120565.032110,0.000000,95924.843744,95924.509043,111155.800830,127742.957642
47,-0.007711,120565.032110,0.000000,95924.843744,95924.509043,83970.823418,127742.957642
48,-0.007682,120565.032110,0.000000,95924.843744,95924.509043,-144388.279901,127742.957642
49,-0.007123,120565.032110,0.000000,95924.843744,95924.509043,-149832.676630,127742.957642
50,-0.007079,120565.032110,0.000000,95924.843744,95924.509043,-21071.323879,127742.957642
51,-0.006624,120565.032110,120944.719633,95924.843744,95924.509043,12728.747140,127742.957642
52,-0.006374,120565.032110,0.000000,95924.843744,95924.509043,-117963.886664,127742.957642
53,-0.006368,120565.032110,0.000000,95924.843744,95924.509043,-16881.814015,127742.957642
54,-0.006289,120565.032110,0.000000,95924.843744,95924.509043,-4825.463482,127742.957642
55,-0.006271,120565.032110,0.000000,95924.843744,95924.509043,-88726.869340,127742.957642
56,-0.006069,120565.032110,0.000000,95924.843744,95924.509043,60526.150952,127742.957642
57,-0.006020,120565.032110,0.000000,95924.843744,95924.509043,167184.984372,127742.957642
58,-0.005992,120565.032110,0.000000,95924.843744,95924.509043,-30356.072957,127742.957642
59,-0.005958,120565.032110,0.000000,95924.843744,95924.509043,-77341.287611,127742.957642
60,-0.005924,120565.032110,0.000000,95924.843744,95924.509043,-43133.177835,127742.957642
61,-0.005637,120565.032110,0.000000,95924.843744,95924.509043,-1193.104396,127742.957642
62,-0.005461,120565.032110,0.000000,95924.843744,95924.509043,173366.745911,127742.957642
63,-0.005344,120565.032110,0.000000,95924.843744,95924.509043,-76149.313545,127742.957642
64,-0.005096,120565.032110,0.000000,95924.843744,95924.509043,-42820.502009,127742.957642
65,-0.004884,120565.032110,120915.719045,95924.843744,95924.509043,-210449.503274,127742.957642
66,-0.004616,120565.032110,0.000000,95924.843744,95924.509043,-113155.330158,127742.957642
67,-0.004579,120565.032110,0.000000,95924.843744,95924.509043,35401.936943,127742.957642
68,-0.004494,120565.032110,0.000000,95924.843744,95924.509043,-113064.241252,127742.957642
69,-0.004403,120565.032110,0.000000,95924.843744,95924.509043,-49556.238583,127742.957642
70,-0.004050,120565.032110,0.000000,95924.843744,95924.509043,-90973.296487,127742.957642
71,-0.003882,120565.032110,0.000000,95924.843744,95924.509043,39474.383682,127742.957642
72,-0.003719,120565.032110,0.000000,95924.843744,95924.509043,-19520.843004,127742.957642
73,-0.003626,120565.032110,0.000000,95924.843744,95924.509043,-82851.849650,127742.957642
74,-0.003455,120565.032110,0.000000,95924.843744,95924.509043,31611.143880,127742.957642
75,-0.003451,120565.032110,0.000000,95924.843744,95924.509043,146392.324791,127742.957642
76,-0.003358,120565.032110,0.000000,95924.843744,95924.509043,72252.210523,127742.957642
77,-0.003275,120565.032110,0.000000,95924.843744,95924.509043,-188008.258119,127742.957642
78,-0.003258,120565.032110,0.000000,95924.843744,95924.509043,-30791.273776,127742.957642
79,-0.003231,120565.032110,120888.175656,95924.843744,95924.509043,145894.781695,127742.957642
80,-0.003176,120565.032110,0.000000,95924.843744,95924.509043,-25822.624392,127742.957642
81,-0.003148,120565.032110,0.000000,95924.843744,95924.509043,-26145.732866,127742.957642
82,-0.003136,120565.032110,0.000000,95924.843744,95924.509043,51068.803101,127742.957642
83,-0.003074,120565.032110,0.000000,95924.843744,95924.509043,-118788.628923,127742.957642
84,-0.003024,120565.032110,0.000000,95924.843744,95924.509043,-142563.078813,127742.957642
85,-0.002906,120565.032110,0.000000,95924.843744,95924.509043,-78547.038225,127742.957642
86,-0.002886,120565.032110,120882.426273,95924.843744,95924.509043,-22575.909786,127742.957642
87,-0.002882,120565.032110,0.000000,95924.843744,95924.509043,-39574.890294,127742.957642
88,-0.002627,120565.032110,0.000000,95924.843744,95924.509043,-36682.384902,127742.957642
89,-0.002562,120565.032110,120877.027953,95924.843744,95924.509043,-21628.034134,127742.957642
90,-0.002520,120565.032110,0.000000,95924.843744,95924.509043,65062.602712,127742.957642
91,-0.002378,120565.032110,0.000000,95924.843744,95924.509043,-100937.514637,127742.957642
92,-0.002300,120565.032110,0.000000,95924.843744,95924.509043,92253.112214,127742.957642
93,-0.002220,120565.032110,120871.327305,95924.843744,95924.509043,70823.720912,127742.957642
94,-0.001124,120565.032110,0.000000,95924.843744,95924.509043,-14643.715017,127742.957642
95,-0.001118,120565.032110,0.000000,95924.843744,95924.509043,69335.288262,127742.957642
96,-0.001046,120565.032110,0.000000,95924.843744,95924.509043,155248.758755,127742.957642
97,-0.000884,120565.032110,0.000000,95924.843744,95924.509043,-17111.446859,127742.957642
98,-0.000720,120565.032110,0.000000,95924.843744,95924.509043,-52909.244876,127742.957642
99,-0.000715,120565.032110,0.000000,95924.843744,95924.509043,36031.900231,127742.957642
100,-0.000516,120565.032110,0.000000,95924.843744,95924.509043,-56238.191220,127742.957642
101,-0.000456,120565.032110,0.000000,95924.843744,95924.509043,78407.983817,127742.957642
102,-0.000397,120565.032110,120840.931061,95924.843744,95924.509043,27381.963199,127742.957642
103,-0.000384,120565.032110,0.000000,95924.843744,95924.509043,-55091.239808,127742.957642
104,-0.000302,120565.032110,0.000000,95924.843744,95924.509043,104529.529971,127742.957642
105,-0.000202,120565.032110,0.000000,95924.843744,95924.509043,63645.098742,127742.957642
106,0.000013,120565.032110,120834.104041,95924.843744,95924.509043,3966.738757,127742.957642
107,0.000057,120565.032110,0.000000,95924.843744,95924.509043,76467.464153,127742.957642
108,0.000166,120565.032110,0.000000,95924.843744,95924.509043,76823.835240,127742.957642
109,0.000226,120565.032110,0.000000,95924.843744,95924.509043,-118161.701821,127742.957642
110,0.000373,120565.032110,0.000000,95924.843744,95924.509043,-89076.654172,127742.957642
111,0.000385,120565.032110,0.000000,95924.843744,95924.509043,-129330.763829,127742.957642
112,0.000406,120565.032110,0.000000,95924.843744,95924.509043,-6586.075902,127742.957642
113,0.000454,120565.032110,0.000000,95924.843744,95924.509043,45721.367407,127742.957642
114,0.000557,120565.032110,0.000000,95924.843744,95924.509043,-40417.201836,127742.957642
115,0.000664,120565.032110,0.000000,95924.843744,95924.509043,38389.504359,127742.957642
116,0.000782,120565.032110,0.000000,95924.843744,95924.509043,24809.992660,127742.957642
117,0.000808,120565.032110,0.000000,95924.843744,95924.509043,-52196.431489,127742.957642
118,0.000846,120565.032110,0.000000,95924.843744,95924.509043,-94465.667281,127742.957642
119,0.000896,120565.032110,120819.387679,95924.843744,95924.509043,51067.707514,127742.957642
120,0.000915,120565.032110,0.000000,95924.843744,95924.509043,-70609.808129,127742.957642
121,0.000925,120565.032110,0.000000,95924.843744,95924.509043,-45300.792121,127742.957642
122,0.000967,120565.032110,0.000000,95924.843744,95924.509043,-28487.770723,127742.957642
123,0.000987,120565.032110,0.000000,95924.843744,95924.509043,-78569.531436,127742.957642
124,0.001038,120565.032110,120817.028910,95924.843744,95924.509043,0.000000,127742.957642
125,0.001056,120565.032110,0.000000,95924.843744,95924.509043,-24597.271816,127742.957642
126,0.001070,120565.032110,0.000000,95924.843744,95924.509043,23832.074064,127742.957642
127,0.001306,120565.032110,0.000000,95924.843744,95924.509043,-94279.798354,127742.957642
128,0.001365,120565.032110,0.000000,95924.843744,95924.509043,-88212.261402,127742.957642
129,0.001520,120565.032110,0.000000,95924.843744,95924.509043,75752.270003,127742.957642
130,0.001650,120565.032110,0.000000,95924.843744,95924.509043,29028.776915,127742.957642
131,0.001711,120565.032110,0.000000,95924.843744,95924.509043,63255.921958,127742.957642
132,0.001888,120565.032110,0.000000,95924.843744,95924.509043,-147327.988845,127742.957642
133,0.001976,120565.032110,0.000000,95924.843744,95924.509043,-43023.978235,127742.957642
134,0.002007,120565.032110,0.000000,95924.843744,95924.509043,45855.314730,127742.957642
135,0.002097,120565.032110,0.000000,95924.843744,95924.509043,-27053.032022,127742.957642
136,0.002102,120565.032110,0.000000,95924.843744,95924.509043,48077.679931,127742.957642
137,0.002175,120565.032110,0.000000,95924.843744,95924.509043,-82555.153125,127742.957642
138,0.002191,120565.032110,0.000000,95924.843744,95924.509043,82604.834104,127742.957642
139,0.002192,120565.032110,0.000000,95924.843744,95924.509043,-32495.063669,127742.957642
140,0.002272,120565.032110,0.000000,95924.843744,95924.509043,-7069.864016,127742.957642
141,0.002340,120565.032110,0.000000,95924.843744,95924.509043,18159.240781,127742.957642
142,0.002424,120565.032110,0.000000,95924.843744,95924.509043,64757.930500,127742.957642
143,0.002485,120565.032110,120792.913240,95924.843744,95924.509043,-59366.687974,127742.957642
144,0.002499,120565.032110,0.000000,95924.843744,95924.509043,15175.214001,127742.957642
145,0.002604,120565.032110,0.000000,95924.843744,95924.509043,-116583.359663,127742.957642
146,0.002675,120565.032110,0.000000,95924.843744,95924.509043,100733.049174,127742.957642
147,0.002707,120565.032110,0.000000,95924.843744,95924.509043,-35303.338922,127742.957642
148,0.002710,120565.032110,0.000000,95924.843744,95924.509043,41631.319745,127742.957642
149,0.002722,120565.032110,0.000000,95924.843744,95924.509043,-92977.695590,127742.957642
150,0.002734,120565.032110,0.000000,95924.843744,95924.509043,-109725.225388,127742.957642
151,0.002739,120565.032110,0.000000,95924.843744,95924.509043,-21819.746829,127742.957642
152,0.002745,120565.032110,0.000000,95924.843744,95924.509043,-31457.003082,127742.957642
153,0.002759,120565.032110,0.000000,95924.843744,95924.509043,-49574.265183,127742.957642
154,0.002785,120565.032110,0.000000,95924.843744,95924.509043,25574.032624,127742.957642
155,0.002913,120565.032110,0.000000,95924.843744,95924.509043,-84970.920903,127742.957642
156,0.002920,120565.032110,0.000000,95924.843744,95924.509043,7656.432475,127742.957642
157,0.003032,120565.032110,0.000000,95924.843744,95924.509043,126991.941487,127742.957642
158,0.003037,120565.032110,0.000000,95924.843744,95924.509043,206522.690672,127742.957642
159,0.003087,120565.032110,0.000000,95924.843744,95924.509043,-88711.669471,127742.957642
160,0.003124,120565.032110,0.000000,95924.843744,95924.509043,5822.148511,127742.957642
161,0.003232,120565.032110,0.000000,95924.843744,95924.509043,110072.407411,127742.957642
162,0.003391,120565.032110,0.000000,95924.843744,95924.509043,94746.452955,127742.957642
163,0.003442,120565.032110,120776.959578,95924.843744,95924.509043,9542.832362,127742.957642
164,0.003457,120565.032110,0.000000,95924.843744,95924.509043,209468.319204,127742.957642
165,0.003517,120565.032110,0.000000,95924.843744,95924.509043,-94776.001759,127742.957642
166,0.003697,120565.032110,0.000000,95924.843744,95924.509043,19987.540510,127742.957642
167,0.003795,120565.032110,0.000000,95924.843744,95924.509043,-64491.318923,127742.957642
168,0.003803,120565.032110,0.000000,95924.843744,95924.509043,-10357.916379,127742.957642
169,0.003886,120565.032110,120769.563747,95924.843744,95924.509043,106041.271409,127742.957642
170,0.003891,120565.032110,0.000000,95924.843744,95924.509043,10170.630469,127742.957642
171,0.003924,120565.032110,0.000000,95924.843744,95924.509043,23603.897403,127742.957642
172,0.004004,120565.032110,0.000000,95924.843744,95924.509043,-76091.881176,127742.957642
173,0.004187,120565.032110,0.000000,95924.843744,95924.509043,143232.928598,127742.957642
174,0.004268,120565.032110,0.000000,95924.843744,95924.509043,116634.923479,127742.957642
175,0.004391,120565.032110,0.000000,95924.843744,95924.509043,-151903.609737,127742.957642
176,0.004434,120565.032110,0.000000,95924.843744,95924.509043,77233.610519,127742.957642
177,0.004483,120565.032110,0.000000,95924.843744,95924.509043,5424.469918,127742.957642
178,0.004507,120565.032110,0.000000,95924.843744,95924.509043,-118831.525521,127742.957642
179,0.004518,120565.032110,0.000000,95924.843744,95924.509043,-38341.303555,127742.957642
180,0.004544,120565.032110,120758.593598,95924.843744,95924.509043,1372.101882,127742.957642
181,0.004552,120565.032110,0.000000,95924.843744,95924.509043,-133614.543672,127742.957642
182,0.004594,120565.032110,0.000000,95924.843744,95924.509043,-116547.619334,127742.957642
183,0.004626,120565.032110,120757.220941,95924.843744,95924.509043,-37657.857949,127742.957642
184,0.004813,120565.032110,0.000000,95924.843744,95924.509043,89812.797167,127742.957642
185,0.004929,120565.032110,120752.181123,95924.843744,95924.509043,77583.957484,127742.957642
186,0.004997,120565.032110,0.000000,95924.843744,95924.509043,46300.416063,127742.957642
187,0.004999,120565.032110,0.000000,95924.843744,95924.509043,-156982.033868,127742.957642
188,0.005133,120565.032110,0.000000,95924.843744,95924.509043,58871.796692,127742.957642
189,0.005183,120565.032110,0.000000,95924.843744,95924.509043,114190.728613,127742.957642
190,0.005198,120565.032110,0.000000,95924.843744,95924.509043,-43246.052434,127742.957642
191,0.005300,120565.032110,0.000000,95924.843744,95924.509043,-138410.017197,127742.957642
192,0.005443,120565.032110,0.000000,95924.843744,95924.509043,183941.446718,127742.957642
193,0.005510,120565.032110,0.000000,95924.843744,95924.509043,-65681.786632,127742.957642
194,0.005772,120565.032110,0.000000,95924.843744,95924.509043,-113735.880359,127742.957642
195,0.005791,120565.032110,0.000000,95924.843744,95924.509043,192399.293091,127742.957642
196,0.005792,120565.032110,0.000000,95924.843744,95924.509043,0.000000,127742.957642
197,0.005872,120565.032110,0.000000,95924.843744,95924.509043,131449.263219,127742.957642
198,0.005908,120565.032110,0.000000,95924.843744,95924.509043,-35157.955629,127742.957642
199,0.005926,120565.032110,0.000000,95924.843744,95924.509043,55703.537424,127742.957642
200,0.005938,120565.032110,0.000000,95924.843744,95924.509043,89958.530052,127742.957642
201,0.005957,120565.032110,0.000000,95924.843744,95924.509043,-90368.722772,127742.957642
202,0.006094,120565.032110,0.000000,95924.843744,95924.509043,-30022.889513,127742.957642
203,0.006213,120565.032110,0.000000,95924.843744,95924.509043,8525.567980,127742.957642
204,0.006251,120565.032110,0.000000,95924.843744,95924.509043,8425.240783,127742.957642
205,0.006356,120565.032110,0.000000,95924.843744,95924.509043,-52170.948271,127742.957642
206,0.006361,120565.032110,0.000000,95924.843744,95924.509043,90234.835531,127742.957642
207,0.006410,120565.032110,0.000000,95924.843744,95924.509043,35377.637613,127742.957642
208,0.006430,120565.032110,0.000000,95924.843744,95924.509043,70444.189162,127742.957642
209,0.006431,120565.032110,0.000000,95924.843744,95924.509043,-179085.752244,127742.957642
210,0.006477,120565.032110,0.000000,95924.843744,95924.509043,48820.177937,127742.957642
211,0.006539,120565.032110,120725.343338,95924.843744,95924.509043,-12199.697292,127742.957642
212,0.006673,120565.032110,0.000000,95924.843744,95924.509043,11129.963085,127742.957642
213,0.006673,120565.032110,0.000000,95924.843744,95924.509043,0.000000,127742.957642
214,0.006779,120565.032110,0.000000,95924.843744,95924.509043,69205.081573,127742.957642
215,0.006862,120565.032110,0.000000,95924.843744,95924.509043,48150.542708,127742.957642
216,0.007009,120565.032110,0.000000,95924.843744,95924.509043,0.000000,127742.957642
217,0.007064,120565.032110,0.000000,95924.843744,95924.509043,112363.521134,127742.957642
218,0.007123,120565.032110,0.000000,95924.843744,95924.509043,0.000000,127742.957642
219,0.007141,120565.032110,0.000000,95924.843744,95924.509043,-120979.432075,127742.957642
220,0.007210,120565.032110,0.000000,95924.843744,95924.509043,-22537.117982,127742.957642
221,0.007254,120565.032110,120713.419716,95924.843744,95924.509043,-54963.974091,127742.957642
222,0.007401,120565.032110,0.000000,95924.843744,95924.509043,-96863.082594,127742.957642
223,0.007425,120565.032110,0.000000,95924.843744,95924.509043,53748.295144,127742.957642
224,0.007457,120565.032110,0.000000,95924.843744,95924.509043,-59752.636302,127742.957642
225,0.007496,120565.032110,0.000000,95924.843744,95924.509043,-48552.692977,127742.957642
226,0.007579,120565.032110,0.000000,95924.843744,95924.509043,-91282.732083,127742.957642
227,0.007616,120565.032110,0.000000,95924.843744,95924.509043,90929.585593,127742.957642
228,0.007636,120565.032110,0.000000,95924.843744,95924.509043,-24126.835439,127742.957642
229,0.007682,120565.032110,0.000000,95924.843744,95924.509043,88967.993946,127742.957642
230,0.007714,120565.032110,0.000000,95924.843744,95924.509043,6448.058949,127742.957642
231,0.007887,120565.032110,120702.877551,95924.843744,95924.509043,-33360.070848,127742.957642
232,0.007918,120565.032110,0.000000,95924.843744,95924.509043,53547.625471,127742.957642
233,0.008014,120565.032110,0.000000,95924.843744,95924.509043,0.000000,127742.957642
234,0.008061,120565.032110,0.000000,95924.843744,95924.509043,-54856.405113,127742.957642
235,0.008066,120565.032110,120699.887360,95924.843744,95924.509043,0.000000,127742.957642
236,0.008085,120565.032110,0.000000,95924.843744,95924.509043,-90588.253858,127742.957642
237,0.008146,120565.032110,0.000000,95924.843744,95924.509043,-102495.976975,127742.957642
238,0.008155,120565.032110,0.000000,95924.843744,95924.509043,6478.361724,127742.957642
239,0.008195,120565.032110,0.000000,95924.843744,95924.509043,-64333.239652,127742.957642
240,0.008260,120565.032110,0.000000,95924.843744,95924.509043,-78629.126921,127742.957642
241,0.008285,120565.032110,0.000000,95924.843744,95924.509043,16858.982203,127742.957642
242,0.008295,120565.032110,0.000000,95924.843744,95924.509043,81502.272472,127742.957642
243,0.008300,120565.032110,0.000000,95924.843744,95924.509043,-88280.703013,127742.957642
244,0.008488,120565.032110,0.000000,95924.843744,95924.509043,0.000000,127742.957642
245,0.008637,120565.032110,0.000000,95924.843744,95924.509043,0.000000,127742.957642
246,0.008683,120565.032110,0.000000,95924.843744,95924.509043,33287.746650,127742.957642
247,0.008727,120565.032110,0.000000,95924.843744,95924.509043,0.000000,127742.957642
248,0.008791,120565.032110,0.000000,95924.843744,95924.509043,-5806.714262,127742.957642
249,0.008809,120565.032110,0.000000,95924.843744,95924.509043,33336.477600,127742.957642
250,0.009095,120565.032110,0.000000,95924.843744,95924.509043,115787.896307,127742.957642
251,0.009221,120565.032110,0.000000,95924.843744,95924.509043,119329.259584,127742.957642
252,0.009292,120565.032110,0.000000,95924.843744,95924.509043,0.000000,127742.957642
253,0.009306,120565.032110,0.000000,95924.843744,95924.509043,15470.707832,127742.957642
254,0.009374,120565.032110,0.000000,95924.843744,95924.509043,110821.682886,127742.957642
255,0.009505,120565.032110,0.000000,95924.843744,95924.509043,81366.435725,127742.957642
256,0.009534,120565.032110,0.000000,95924.843744,95924.509043,15668.822129,127742.957642
257,0.009580,120565.032110,0.000000,95924.843744,95924.509043,-23337.858270,127742.957642
258,0.009638,120565.032110,120673.696523,95924.843744,95924.509043,-74425.867643,127742.957642
259,0.009757,120565.032110,0.000000,95924.843744,95924.509043,-88213.010373,127742.957642
260,0.009795,120565.032110,0.000000,95924.843744,95924.509043,0.000000,127742.957642
261,0.009842,120565.032110,0.000000,95924.843744,95924.509043,0.000000,127742.957642
262,0.009849,120565.032110,0.000000,95924.843744,95924.509043,-137196.053459,127742.957642
263,0.009854,120565.032110,0.000000,95924.843744,95924.509043,30066.794242,127742.957642
264,0.009924,120565.032110,0.000000,95924.843744,95924.509043,0.000000,127742.957642
265,0.010146,120565.032110,0.000000,95924.843744,95924.509043,17228.833535,127742.957642
266,0.010161,120565.032110,0.000000,95924.843744,95924.509043,16789.259360,127742.957642
267,0.010257,120565.032110,0.000000,95924.843744,95924.509043,0.000000,127742.957642
268,0.010259,120565.032110,0.000000,95924.843744,95924.509043,0.000000,127742.957642
269,0.010280,120565.032110,0.000000,95924.843744,95924.509043,186520.100986,127742.957642
270,0.010299,120565.032110,0.000000,95924.843744,95924.509043,-5914.237410,127742.957642
271,0.010385,120565.032110,0.000000,95924.843744,95924.509043,141958.999793,127742.957642
272,0.010446,120565.032110,0.000000,95924.843744,95924.509043,-70549.593752,127742.957642
273,0.010473,120565.032110,0.000000,95924.843744,95924.509043,-42049.607276,127742.957642
274,0.010535,120565.032110,0.000000,95924.843744,95924.509043,-85996.370459,127742.957642
275,0.010623,120565.032110,0.000000,95924.843744,95924.509043,0.000000,127742.957642
276,0.010648,120565.032110,0.000000,95924.843744,95924.509043,130399.594975,127742.957642
277,0.010708,120565.032110,0.000000,95924.843744,95924.509043,-14615.746250,127742.957642
278,0.010748,120565.032110,0.000000,95924.843744,95924.509043,0.000000,127742.957642
279,0.010777,120565.032110,0.000000,95924.843744,95924.509043,-135143.250949,127742.957642
280,0.010864,120565.032110,120653.257172,95924.843744,95924.509043,-43646.878301,127742.957642
281,0.010868,120565.032110,0.000000,95924.843744,95924.509043,-44610.013055,127742.957642
282,0.010975,120565.032110,0.000000,95924.843744,95924.509043,39336.152272,127742.957642
283,0.011028,120565.032110,0.000000,95924.843744,95924.509043,-6222.649569,127742.957642
284,0.011039,120565.032110,0.000000,95924.843744,95924.509043,0.000000,127742.957642
285,0.011050,120565.032110,0.000000,95924.843744,95924.509043,8448.843080,127742.957642
286,0.011082,120565.032110,0.000000,95924.843744,95924.509043,3431.624494,127742.957642
287,0.011087,120565.032110,120649.536981,95924.843744,95924.509043,41236.017768,127742.957642
288,0.011102,120565.032110,0.000000,95924.843744,95924.509043,33862.439990,127742.957642
289,0.011140,120565.032110,0.000000,95924.843744,95924.509043,62267.481633,127742.957642
290,0.011201,120565.032110,0.000000,95924.843744,95924.509043,19659.619829,127742.957642
291,0.011465,120565.032110,0.000000,95924.843744,95924.509043,-61332.139543,127742.957642
292,0.011506,120565.032110,0.000000,95924.843744,95924.509043,34378.878330,127742.957642
293,0.011515,120565.032110,0.000000,95924.843744,95924.509043,50774.899681,127742.957642
294,0.011550,120565.032110,0.000000,95924.843744,95924.509043,12276.312810,127742.957642
295,0.011656,120565.032110,0.000000,95924.843744,95924.509043,30830.391611,127742.957642
296,0.011725,120565.032110,0.000000,95924.843744,95924.509043,-17584.397721,127742.957642
297,0.011766,120565.032110,0.000000,95924.843744,95924.509043,0.000000,127742.957642
298,0.011769,120565.032110,0.000000,95924.843744,95924.509043,-27415.141505,127742.957642
299,0.011823,120565.032110,0.000000,95924.843744,95924.509043,-45797.777478,127742.957642
300,0.011840,120565.032110,120636.981659,95924.843744,95924.509043,-13250.621051,127742.957642
301,0.011859,120565.032110,0.000000,95924.843744,95924.509043,-44453.372916,127742.957642
302,0.012013,120565.032110,0.000000,95924.843744,95924.509043,16405.158367,127742.957642
303,0.012019,120565.032110,0.000000,95924.843744,95924.509043,0.000000,127742.957642
304,0.012051,120565.032110,0.000000,95924.843744,95924.509043,-21269.365100,127742.957642
305,0.012076,120565.032110,0.000000,95924.843744,95924.509043,0.000000,127742.957642
306,0.012116,120565.032110,0.000000,95924.843744,95924.509043,0.000000,127742.957642
307,0.012128,120565.032110,0.000000,95924.843744,95924.509043,0.000000,127742.957642
308,0.012319,120565.032110,0.000000,95924.843744,95924.509043,116293.062148,127742.957642
309,0.012329,120565.032110,0.000000,95924.843744,95924.509043,-99861.232630,127742.957642
310,0.012335,120565.032110,0.000000,95924.843744,95924.509043,32959.298314,127742.957642
311,0.012346,120565.032110,0.000000,95924.843744,95924.509043,-67709.653275,127742.957642
312,0.012419,120565.032110,0.000000,95924.843744,95924.509043,-64551.774992,127742.957642
313,0.012449,120565.032110,0.000000,95924.843744,95924.509043,0.000000,127742.957642
314,0.012500,120565.032110,0.000000,95924.843744,95924.509043,74228.664141,127742.957642
315,0.012507,120565.032110,0.000000,95924.843744,95924.509043,-14650.809254,127742.957642
316,0.012555,120565.032110,120625.069217,95924.843744,95924.509043,79465.818263,127742.957642
317,0.012576,120565.032110,120624.724140,95924.843744,95924.509043,0.000000,127742.957642
318,0.012580,120565.032110,0.000000,95924.843744,95924.509043,0.000000,127742.957642
319,0.012581,120565.032110,0.000000,95924.843744,95924.509043,154156.209281,127742.957642
320,0.012587,120565.032110,0.000000,95924.843744,95924.509043,0.000000,127742.957642
321,0.012590,120565.032110,0.000000,95924.843744,95924.509043,-21550.502707,127742.957642
322,0.012596,120565.032110,0.000000,95924.843744,95924.509043,0.000000,127742.957642
323,0.012644,120565.032110,0.000000,95924.843744,95924.509043,-50208.218739,127742.957642
324,0.012685,120565.032110,0.000000,95924.843744,95924.509043,0.000000,127742.957642
325,0.012709,120565.032110,0.000000,95924.843744,95924.509043,160556.256221,127742.957642
326,0.012743,120565.032110,0.000000,95924.843744,95924.509043,105183.584240,127742.957642
327,0.012770,120565.032110,0.000000,95924.843744,95924.509043,40555.662851,127742.957642
328,0.012814,120565.032110,0.000000,95924.843744,95924.509043,-92521.199732,127742.957642
329,0.012843,120565.032110,0.000000,95924.843744,95924.509043,-53611.166722,127742.957642
330,0.012914,120565.032110,120619.089677,95924.843744,95924.509043,-9023.343813,127742.957642
331,0.012926,120565.032110,120618.884027,95924.843744,95924.509043,37774.383461,127742.957642
332,0.012943,120565.032110,0.000000,95924.843744,95924.509043,155479.072225,127742.957642
333,0.012974,120565.032110,0.000000,95924.843744,95924.509043,-118911.225163,127742.957642
334,0.012995,120565.032110,0.000000,95924.843744,95924.509043,-72390.878190,127742.957642
335,0.013031,120565.032110,0.000000,95924.843744,95924.509043,126597.889359,127742.957642
336,0.013081,120565.032110,0.000000,95924.843744,95924.509043,0.000000,127742.957642
337,0.013081,120565.032110,0.000000,95924.843744,95924.509043,78920.982019,127742.957642
338,0.013149,120565.032110,0.000000,95924.843744,95924.509043,-244481.735221,127742.957642
339,0.013215,120565.032110,0.000000,95924.843744,95924.509043,0.000000,127742.957642
340,0.013281,120565.032110,0.000000,95924.843744,95924.509043,37733.541030,127742.957642
341,0.013358,120565.032110,0.000000,95924.843744,95924.509043,0.000000,127742.957642
342,0.013366,120565.032110,120611.557312,95924.843744,95924.509043,-16585.716224,127742.957642
343,0.013369,120565.032110,120611.493522,95924.843744,95924.509043,0.000000,127742.957642
344,0.013451,120565.032110,0.000000,95924.843744,95924.509043,0.000000,127742.957642
345,0.013458,120565.032110,0.000000,95924.843744,95924.509043,-15691.675242,127742.957642
346,0.013464,120565.032110,0.000000,95924.843744,95924.509043,0.000000,127742.957642
347,0.013466,120565.032110,0.000000,95924.843744,95924.509043,-57405.737594,127742.957642
348,0.013517,120565.032110,0.000000,95924.843744,95924.509043,-145251.554200,127742.957642
349,0.013523,120565.032110,120608.938275,95924.843744,95924.509043,0.000000,127742.957642
350,0.013548,120565.032110,0.000000,95924.843744,95924.509043,7445.640747,127742.957642
351,0.013770,120565.032110,0.000000,95924.843744,95924.509043,-44870.618006,127742.957642
352,0.013815,120565.032110,0.000000,95924.843744,95924.509043,-26984.491979,127742.957642
353,0.013876,120565.032110,0.000000,95924.843744,95924.509043,0.000000,127742.957642
354,0.013914,120565.032110,0.000000,95924.843744,95924.509043,-28710.759324,127742.957642
355,0.013962,120565.032110,0.000000,95924.843744,95924.509043,32041.084819,127742.957642
356,0.014023,120565.032110,0.000000,95924.843744,95924.509043,-18168.347688,127742.957642
357,0.014068,120565.032110,0.000000,95924.843744,95924.509043,0.000000,127742.957642
358,0.014070,120565.032110,120599.817639,95924.843744,95924.509043,0.000000,127742.957642
359,0.014131,120565.032110,0.000000,95924.843744,95924.509043,-21777.295909,127742.957642
360,0.014156,120565.032110,0.000000,95924.843744,95924.509043,0.000000,127742.957642
361,0.014188,120565.032110,120597.849386,95924.843744,95924.509043,0.000000,127742.957642
362,0.014192,120565.032110,0.000000,95924.843744,95924.509043,0.000000,127742.957642
363,0.014215,120565.032110,0.000000,95924.843744,95924.509043,0.000000,127742.957642
364,0.014220,120565.032110,120597.317672,95924.843744,95924.509043,114021.510957,127742.957642
365,0.014258,120565.032110,0.000000,95924.843744,95924.509043,-49297.659381,127742.957642
366,0.014284,120565.032110,0.000000,95924.843744,95924.509043,0.000000,127742.957642
367,0.014430,120565.032110,0.000000,95924.843744,95924.509043,0.000000,127742.957642
368,0.014520,120565.032110,0.000000,95924.843744,95924.509043,0.000000,127742.957642
369,0.014575,120565.032110,0.000000,95924.843744,95924.509043,-123990.792037,127742.957642
370,0.014701,120565.032110,0.000000,95924.843744,95924.509043,26361.988750,127742.957642
371,0.014702,120565.032110,0.000000,95924.843744,95924.509043,0.000000,127742.957642
372,0.014757,120565.032110,0.000000,95924.843744,95924.509043,0.000000,127742.957642
373,0.014803,120565.032110,0.000000,95924.843744,95924.509043,0.000000,127742.957642
374,0.014937,120565.032110,0.000000,95924.843744,95924.509043,-81398.793577,127742.957642
375,0.014941,120565.032110,0.000000,95924.843744,95924.509043,0.000000,127742.957642
376,0.014946,120565.032110,0.000000,95924.843744,95924.509043,0.000000,127742.957642
377,0.014973,120565.032110,0.000000,95924.843744,95924.509043,0.000000,127742.957642
378,0.015067,120565.032110,0.000000,95924.843744,95924.509043,-37485.129554,127742.957642
379,0.015095,120565.032110,0.000000,95924.843744,95924.509043,0.000000,127742.957642
380,0.015117,120565.032110,0.000000,95924.843744,95924.509043,0.000000,127742.957642
381,0.015172,120565.032110,0.000000,95924.843744,95924.509043,0.000000,127742.957642
382,0.015180,120565.032110,0.000000,95924.843744,95924.509043,0.000000,127742.957642
383,0.015225,120565.032110,0.000000,95924.843744,95924.509043,-34171.270070,127742.957642
384,0.015233,120565.032110,0.000000,95924.843744,95924.509043,43846.767060,127742.957642
385,0.015237,120565.032110,0.000000,95924.843744,95924.509043,0.000000,127742.957642
386,0.015334,120565.032110,0.000000,95924.843744,95924.509043,12894.594384,127742.957642
387,0.015406,120565.032110,0.000000,95924.843744,95924.509043,-69116.671861,127742.957642
388,0.015420,120565.032110,0.000000,95924.843744,95924.509043,53753.034425,127742.957642
389,0.015533,120565.032110,0.000000,95924.843744,95924.509043,0.000000,127742.957642
390,0.015577,120565.032110,0.000000,95924.843744,95924.509043,0.000000,127742.957642
391,0.015610,120565.032110,0.000000,95924.843744,95924.509043,-28417.722202,127742.957642
392,0.015754,120565.032110,120571.756625,95924.843744,95924.509043,0.000000,127742.957642
393,0.015765,120565.032110,120571.570240,95924.843744,95924.509043,0.000000,127742.957642
394,0.015801,120565.032110,120570.966931,95924.843744,95924.509043,0.000000,127742.957642
395,0.015802,120565.032110,0.000000,95924.843744,95924.509043,0.000000,127742.957642
396,0.015803,120565.032110,0.000000,95924.843744,95924.509043,0.000000,127742.957642
397,0.015813,120565.032110,0.000000,95924.843744,95924.509043,34837.382646,127742.957642
398,0.015834,120565.032110,0.000000,95924.843744,95924.509043,0.000000,127742.957642
399,0.015921,120565.032110,0.000000,95924.843744,95924.509043,0.000000,127742.957642
400,0.015948,120565.032110,0.000000,95924.843744,95924.509043,0.000000,127742.957642
401,0.015975,120565.032110,0.000000,95924.843744,95924.509043,0.000000,127742.957642
402,0.016058,120565.032110,0.000000,95924.843744,95924.509043,-117553.241740,127742.957642
403,0.016068,120565.032110,0.000000,95924.843744,95924.509043,0.000000,127742.957642
404,0.016156,120565.032110,120565.056282,95924.843744,95924.509043,22297.785976,127742.957642
405,0.016172,120565.032110,0.000000,95924.843744,95924.509043,25052.042686,127742.957642
406,0.016172,120565.032110,0.000000,95924.843744,95924.509043,0.000000,127742.957642
407,0.016174,120565.032110,0.000000,95924.843744,95924.509043,0.000000,127742.957642
408,0.016253,120565.032110,0.000000,95924.843744,95924.509043,0.000000,127742.957642
409,0.016332,120565.032110,0.000000,95924.843744,95924.509043,0.000000,127742.957642
410,0.016350,120565.032110,0.000000,95924.843744,95924.509043,0.000000,127742.957642
411,0.016364,120565.032110,0.000000,95924.843744,95924.509043,0.000000,127742.957642
412,0.016388,120565.032110,0.000000,95924.843744,95924.509043,0.000000,127742.957642
413,0.016408,120565.032110,0.000000,95924.843744,95924.509043,27662.433957,127742.957642
414,0.016424,120565.032110,0.000000,95924.843744,95924.509043,0.000000,127742.957642
415,0.016446,120565.032110,120560.214888,95924.843744,95924.509043,0.000000,127742.957642
416,0.016474,120565.032110,0.000000,95924.843744,95924.509043,123041.788320,127742.957642
417,0.016481,120565.032110,0.000000,95924.843744,95924.509043,-15867.221211,127742.957642
418,0.016499,120565.032110,0.000000,95924.843744,95924.509043,-59732.288276,127742.957642
419,0.016536,120565.032110,0.000000,95924.843744,95924.509043,0.000000,127742.957642
420,0.016552,120565.032110,0.000000,95924.843744,95924.509043,31147.314540,127742.957642
421,0.016597,120565.032110,0.000000,95924.843744,95924.509043,0.000000,127742.957642
422,0.016629,120565.032110,0.000000,95924.843744,95924.509043,44552.802114,127742.957642
423,0.016694,120565.032110,0.000000,95924.843744,95924.509043,136824.940742,127742.957642
424,0.016738,120565.032110,0.000000,95924.843744,95924.509043,0.000000,127742.957642
425,0.016766,120565.032110,0.000000,95924.843744,95924.509043,-13696.673329,127742.957642
426,0.016808,120565.032110,0.000000,95924.843744,95924.509043,127234.385520,127742.957642
427,0.016828,120565.032110,0.000000,95924.843744,95924.509043,0.000000,127742.957642
428,0.016839,120565.032110,120553.665885,95924.843744,95924.509043,0.000000,127742.957642
429,0.016867,120565.032110,0.000000,95924.843744,95924.509043,0.000000,127742.957642
430,0.016917,120565.032110,0.000000,95924.843744,95924.509043,0.000000,127742.957642
431,0.016961,120565.032110,0.000000,95924.843744,95924.509043,0.000000,127742.957642
432,0.016975,120565.032110,0.000000,95924.843744,95924.509043,38365.889457,127742.957642
433,0.017037,120565.032110,0.000000,95924.843744,95924.509043,0.000000,127742.957642
434,0.017056,120565.032110,0.000000,95924.843744,95924.509043,0.000000,127742.957642
435,0.017064,120565.032110,120549.910659,95924.843744,95924.509043,0.000000,127742.957642
436,0.017136,120565.032110,0.000000,95924.843744,95924.509043,0.000000,127742.957642
437,0.017190,120565.032110,0.000000,95924.843744,95924.509043,30145.708309,127742.957642
438,0.017208,120565.032110,120547.509758,95924.843744,95924.509043,0.000000,127742.957642
439,0.017225,120565.032110,0.000000,95924.843744,95924.509043,0.000000,127742.957642
440,0.017358,120565.032110,0.000000,95924.843744,95924.509043,-162683.595310,127742.957642
441,0.017387,120565.032110,0.000000,95924.843744,95924.509043,-24708.273627,127742.957642
442,0.017423,120565.032110,0.000000,95924.843744,95924.509043,70692.169700,127742.957642
443,0.017460,120565.032110,0.000000,95924.843744,95924.509043,0.000000,127742.957642
444,0.017474,120565.032110,0.000000,95924.843744,95924.509043,60121.414875,127742.957642
445,0.017497,120565.032110,0.000000,95924.843744,95924.509043,57260.398220,127742.957642
446,0.017662,120565.032110,0.000000,95924.843744,95924.509043,0.000000,127742.957642
447,0.017665,120565.032110,0.000000,95924.843744,95924.509043,0.000000,127742.957642
448,0.017721,120565.032110,0.000000,95924.843744,95924.509043,-39868.601452,127742.957642
449,0.017908,120565.032110,0.000000,95924.843744,95924.509043,28560.385400,127742.957642
450,0.017959,120565.032110,0.000000,95924.843744,95924.509043,0.000000,127742.957642
451,0.017963,120565.032110,0.000000,95924.843744,95924.509043,0.000000,127742.957642
452,0.017968,120565.032110,0.000000,95924.843744,95924.509043,0.000000,127742.957642
453,0.018119,120565.032110,0.000000,95924.843744,95924.509043,70020.860481,127742.957642
454,0.018191,120565.032110,0.000000,95924.843744,95924.509043,81569.449140,127742.957642
455,0.018242,120565.032110,120530.276014,95924.843744,95924.509043,-35011.089638,127742.957642
456,0.018248,120565.032110,120530.176272,95924.843744,95924.509043,0.000000,127742.957642
457,0.018252,120565.032110,0.000000,95924.843744,95924.509043,-194282.274664,127742.957642
458,0.018298,120565.032110,120529.343726,95924.843744,95924.509043,-20692.309678,127742.957642
459,0.018307,120565.032110,0.000000,95924.843744,95924.509043,0.000000,127742.957642
460,0.018323,120565.032110,0.000000,95924.843744,95924.509043,0.000000,127742.957642
461,0.018343,120565.032110,0.000000,95924.843744,95924.509043,-4069.364389,127742.957642
462,0.018452,120565.032110,0.000000,95924.843744,95924.509043,0.000000,127742.957642
463,0.018455,120565.032110,0.000000,95924.843744,95924.509043,0.000000,127742.957642
464,0.018467,120565.032110,0.000000,95924.843744,95924.509043,148016.688402,127742.957642
465,0.018468,120565.032110,0.000000,95924.843744,95924.509043,0.000000,127742.957642
466,0.018503,120565.032110,0.000000,95924.843744,95924.509043,0.000000,127742.957642
467,0.018547,120565.032110,0.000000,95924.843744,95924.509043,0.000000,127742.957642
468,0.018550,120565.032110,0.000000,95924.843744,95924.509043,0.000000,127742.957642
469,0.018618,120565.032110,120524.008021,95924.843744,95924.509043,0.000000,127742.957642
470,0.018653,120565.032110,0.000000,95924.843744,95924.509043,0.000000,127742.957642
471,0.018711,120565.032110,0.000000,95924.843744,95924.509043,0.000000,127742.957642
472,0.018715,120565.032110,0.000000,95924.843744,95924.509043,0.000000,127742.957642
473,0.018717,120565.032110,0.000000,95924.843744,95924.509043,0.000000,127742.957642
474,0.018723,120565.032110,0.000000,95924.843744,95924.509043,146354.731547,127742.957642
475,0.018850,120565.032110,120520.151915,95924.843744,95924.509043,-36608.082532,127742.957642
476,0.018885,120565.032110,0.000000,95924.843744,95924.509043,0.000000,127742.957642
477,0.018907,120565.032110,120519.186416,95924.843744,95924.509043,0.000000,127742.957642
478,0.018926,120565.032110,0.000000,95924.843744,95924.509043,-40578.213220,127742.957642
479,0.018947,120565.032110,0.000000,95924.843744,95924.509043,0.000000,127742.957642
480,0.018982,120565.032110,0.000000,95924.843744,95924.509043,0.000000,127742.957642
481,0.018997,120565.032110,0.000000,95924.843744,95924.509043,0.000000,127742.957642
482,0.019009,120565.032110,120517.488972,95924.843744,95924.509043,-76220.678040,127742.957642
483,0.019023,120565.032110,0.000000,95924.843744,95924.509043,0.000000,127742.957642
484,0.019047,120565.032110,0.000000,95924.843744,95924.509043,-37815.694077,127742.957642
485,0.019062,120565.032110,0.000000,95924.843744,95924.509043,-57151.692534,127742.957642
486,0.019110,120565.032110,0.000000,95924.843744,95924.509043,0.000000,127742.957642
487,0.019139,120565.032110,0.000000,95924.843744,95924.509043,0.000000,127742.957642
488,0.019142,120565.032110,0.000000,95924.843744,95924.509043,0.000000,127742.957642
489,0.019143,120565.032110,0.000000,95924.843744,95924.509043,115965.471045,127742.957642
490,0.019189,120565.032110,0.000000,95924.843744,95924.509043,0.000000,127742.957642
491,0.019189,120565.032110,0.000000,95924.843744,95924.509043,0.000000,127742.957642
492,0.019219,120565.032110,0.000000,95924.843744,95924.509043,0.000000,127742.957642
493,0.019234,120565.032110,0.000000,95924.843744,95924.509043,25287.241331,127742.957642
494,0.019279,120565.032110,0.000000,95924.843744,95924.509043,0.000000,127742.957642
495,0.019321,120565.032110,0.000000,95924.843744,95924.509043,-46046.741471,127742.957642
496,0.019323,120565.032110,0.000000,95924.843744,95924.509043,0.000000,127742.957642
497,0.019420,120565.032110,120510.649521,95924.843744,95924.509043,0.000000,127742.957642
498,0.019449,120565.032110,0.000000,95924.843744,95924.509043,0.000000,127742.957642
499,0.019519,120565.032110,0.000000,95924.843744,95924.509043,0.000000,127742.957642
500,0.019565,120565.032110,0.000000,95924.843744,95924.509043,0.000000,127742.957642
501,0.019576,120565.032110,0.000000,95924.843744,95924.509043,38132.021508,127742.957642
502,0.019580,120565.032110,0.000000,95924.843744,95924.509043,0.000000,127742.957642
503,0.019838,120565.032110,0.000000,95924.843744,95924.509043,40734.191201,127742.957642
504,0.019849,120565.032110,0.000000,95924.843744,95924.509043,0.000000,127742.957642
505,0.019890,120565.032110,0.000000,95924.843744,95924.509043,0.000000,127742.957642
506,0.019957,120565.032110,0.000000,95924.843744,95924.509043,0.000000,127742.957642
507,0.019973,120565.032110,120501.423396,95924.843744,95924.509043,0.000000,127742.957642
508,0.020005,120565.032110,0.000000,95924.843744,95924.509043,0.000000,127742.957642
509,0.020193,120565.032110,0.000000,95924.843744,95924.509043,0.000000,127742.957642
510,0.020270,120565.032110,120496.473531,95924.843744,95924.509043,0.000000,127742.957642
511,0.020270,120565.032110,0.000000,95924.843744,95924.509043,0.000000,127742.957642
512,0.020275,120565.032110,0.000000,95924.843744,95924.509043,0.000000,127742.957642
513,0.020503,120565.032110,0.000000,95924.843744,95924.509043,0.000000,127742.957642
514,0.020783,120565.032110,0.000000,95924.843744,95924.509043,82533.285217,127742.957642
515,0.020794,120565.032110,120487.737812,95924.843744,95924.509043,0.000000,127742.957642
516,0.020871,120565.032110,0.000000,95924.843744,95924.509043,71393.552713,127742.957642
517,0.020918,120565.032110,0.000000,95924.843744,95924.509043,-43048.841529,127742.957642
518,0.020939,120565.032110,120485.322686,95924.843744,95924.509043,0.000000,127742.957642
519,0.020998,120565.032110,0.000000,95924.843744,95924.509043,0.000000,127742.957642
520,0.021000,120565.032110,0.000000,95924.843744,95924.509043,0.000000,127742.957642
521,0.021005,120565.032110,0.000000,95924.843744,95924.509043,0.000000,127742.957642
522,0.021099,120565.032110,0.000000,95924.843744,95924.509043,0.000000,127742.957642
523,0.021249,120565.032110,0.000000,95924.843744,95924.509043,0.000000,127742.957642
524,0.021262,120565.032110,0.000000,95924.843744,95924.509043,0.000000,127742.957642
525,0.021322,120565.032110,0.000000,95924.843744,95924.509043,6236.063303,127742.957642
526,0.021411,120565.032110,0.000000,95924.843744,95924.509043,0.000000,127742.957642
527,0.021458,120565.032110,0.000000,95924.843744,95924.509043,0.000000,127742.957642
528,0.021459,120565.032110,0.000000,95924.843744,95924.509043,0.000000,127742.957642
529,0.021550,120565.032110,120475.135048,95924.843744,95924.509043,0.000000,127742.957642
530,0.021609,120565.032110,120474.160016,95924.843744,95924.509043,0.000000,127742.957642
531,0.021618,120565.032110,0.000000,95924.843744,95924.509043,0.000000,127742.957642
532,0.021685,120565.032110,0.000000,95924.843744,95924.509043,-140011.889414,127742.957642
533,0.021702,120565.032110,0.000000,95924.843744,95924.509043,0.000000,127742.957642
534,0.021710,120565.032110,0.000000,95924.843744,95924.509043,0.000000,127742.957642
535,0.021744,120565.032110,0.000000,95924.843744,95924.509043,0.000000,127742.957642
536,0.021806,120565.032110,0.000000,95924.843744,95924.509043,0.000000,127742.957642
537,0.021828,120565.032110,0.000000,95924.843744,95924.509043,0.000000,127742.957642
538,0.021834,120565.032110,0.000000,95924.843744,95924.509043,0.000000,127742.957642
539,0.021874,120565.032110,0.000000,95924.843744,95924.509043,0.000000,127742.957642
540,0.021930,120565.032110,0.000000,95924.843744,95924.509043,0.000000,127742.957642
541,0.021946,120565.032110,0.000000,95924.843744,95924.509043,164616.354296,127742.957642
542,0.021971,120565.032110,0.000000,95924.843744,95924.509043,0.000000,127742.957642
543,0.022034,120565.032110,120467.077256,95924.843744,95924.509043,0.000000,127742.957642
544,0.022061,120565.032110,0.000000,95924.843744,95924.509043,0.000000,127742.957642
545,0.022093,120565.032110,0.000000,95924.843744,95924.509043,0.000000,127742.957642
546,0.022192,120565.032110,0.000000,95924.843744,95924.509043,0.000000,127742.957642
547,0.022348,120565.032110,0.000000,95924.843744,95924.509043,0.000000,127742.957642
548,0.022380,120565.032110,120461.308142,95924.843744,95924.509043,0.000000,127742.957642
549,0.022394,120565.032110,120461.077986,95924.843744,95924.509043,0.000000,127742.957642
550,0.022394,120565.032110,0.000000,95924.843744,95924.509043,0.000000,127742.957642
551,0.022414,120565.032110,0.000000,95924.843744,95924.509043,0.000000,127742.957642
552,0.022493,120565.032110,0.000000,95924.843744,95924.509043,0.000000,127742.957642
553,0.022611,120565.032110,0.000000,95924.843744,95924.509043,0.000000,127742.957642
554,0.022614,120565.032110,0.000000,95924.843744,95924.509043,0.000000,127742.957642
555,0.022638,120565.032110,0.000000,95924.843744,95924.509043,0.000000,127742.957642
556,0.022703,120565.032110,0.000000,95924.843744,95924.509043,0.000000,127742.957642
557,0.022743,120565.032110,0.000000,95924.843744,95924.509043,0.000000,127742.957642
558,0.022760,120565.032110,0.000000,95924.843744,95924.509043,0.000000,127742.957642
559,0.022822,120565.032110,0.000000,95924.843744,95924.509043,0.000000,127742.957642
560,0.022870,120565.032110,0.000000,95924.843744,95924.509043,0.000000,127742.957642
561,0.022894,120565.032110,0.000000,95924.843744,95924.509043,0.000000,127742.957642
562,0.022961,120565.032110,0.000000,95924.843744,95924.509043,0.000000,127742.957642
563,0.023034,120565.032110,0.000000,95924.843744,95924.509043,0.000000,127742.957642
564,0.023084,120565.032110,0.000000,95924.843744,95924.509043,0.000000,127742.957642
565,0.023165,120565.032110,0.000000,95924.843744,95924.509043,0.000000,127742.957642
566,0.023240,120565.032110,0.000000,95924.843744,95924.509043,0.000000,127742.957642
567,0.023295,120565.032110,0.000000,95924.843744,95924.509043,0.000000,127742.957642
568,0.023319,120565.032110,0.000000,95924.843744,95924.509043,0.000000,127742.957642
569,0.023346,120565.032110,0.000000,95924.843744,95924.509043,0.000000,127742.957642
570,0.023349,120565.032110,0.000000,95924.843744,95924.509043,0.000000,127742.957642
571,0.023530,120565.032110,0.000000,95924.843744,95924.509043,0.000000,127742.957642
572,0.023572,120565.032110,0.000000,95924.843744,95924.509043,0.000000,127742.957642
573,0.023597,120565.032110,0.000000,95924.843744,95924.509043,0.000000,127742.957642
574,0.023696,120565.032110,120439.375317,95924.843744,95924.509043,0.000000,127742.957642
575,0.023711,120565.032110,120439.122837,95924.843744,95924.509043,0.000000,127742.957642
576,0.023742,120565.032110,0.000000,95924.843744,95924.509043,0.000000,127742.957642
577,0.023791,120565.032110,0.000000,95924.843744,95924.509043,-56745.602167,127742.957642
578,0.023795,120565.032110,0.000000,95924.843744,95924.509043,0.000000,127742.957642
579,0.023860,120565.032110,0.000000,95924.843744,95924.509043,0.000000,127742.957642
580,0.023913,120565.032110,0.000000,95924.843744,95924.509043,33826.479961,127742.957642
581,0.023930,120565.032110,0.000000,95924.843744,95924.509043,0.000000,127742.957642
582,0.024008,120565.032110,0.000000,95924.843744,95924.509043,0.000000,127742.957642
583,0.024010,120565.032110,0.000000,95924.843744,95924.509043,0.000000,127742.957642
584,0.024010,120565.032110,0.000000,95924.843744,95924.509043,0.000000,127742.957642
585,0.024013,120565.032110,0.000000,95924.843744,95924.509043,0.000000,127742.957642
586,0.024102,120565.032110,0.000000,95924.843744,95924.509043,0.000000,127742.957642
587,0.024133,120565.032110,0.000000,95924.843744,95924.509043,-21975.800827,127742.957642
588,0.024144,120565.032110,0.000000,95924.843744,95924.509043,0.000000,127742.957642
589,0.024168,120565.032110,0.000000,95924.843744,95924.509043,0.000000,127742.957642
590,0.024280,120565.032110,0.000000,95924.843744,95924.509043,0.000000,127742.957642
591,0.024308,120565.032110,0.000000,95924.843744,95924.509043,0.000000,127742.957642
592,0.024308,120565.032110,0.000000,95924.843744,95924.509043,0.000000,127742.957642
593,0.024352,120565.032110,0.000000,95924.843744,95924.509043,0.000000,127742.957642
594,0.024419,120565.032110,0.000000,95924.843744,95924.509043,0.000000,127742.957642
595,0.024493,120565.032110,0.000000,95924.843744,95924.509043,0.000000,127742.957642
596,0.024513,120565.032110,0.000000,95924.843744,95924.509043,0.000000,127742.957642
597,0.024562,120565.032110,0.000000,95924.843744,95924.509043,0.000000,127742.957642
598,0.024563,120565.032110,0.000000,95924.843744,95924.509043,0.000000,127742.957642
599,0.024574,120565.032110,0.000000,95924.843744,95924.509043,0.000000,127742.957642
600,0.024600,120565.032110,0.000000,95924.843744,95924.509043,0.000000,127742.957642
601,0.024603,120565.032110,0.000000,95924.843744,95924.509043,0.000000,127742.957642
602,0.024633,120565.032110,0.000000,95924.843744,95924.509043,0.000000,127742.957642
603,0.024672,120565.032110,0.000000,95924.843744,95924.509043,0.000000,127742.957642
604,0.024723,120565.032110,0.000000,95924.843744,95924.509043,0.000000,127742.957642
605,0.024748,120565.032110,0.000000,95924.843744,95924.509043,0.000000,127742.957642
606,0.024771,120565.032110,0.000000,95924.843744,95924.509043,0.000000,127742.957642
607,0.024879,120565.032110,0.000000,95924.843744,95924.509043,0.000000,127742.957642
608,0.024891,120565.032110,0.000000,95924.843744,95924.509043,0.000000,127742.957642
609,0.024963,120565.032110,0.000000,95924.843744,95924.509043,0.000000,127742.957642
610,0.024998,120565.032110,0.000000,95924.843744,95924.509043,0.000000,127742.957642
611,0.025000,120565.032110,0.000000,95924.843744,95924.509043,-50436.481763,127742.957642
612,0.025041,120565.032110,0.000000,95924.843744,95924.509043,0.000000,127742.957642
613,0.025055,120565.032110,0.000000,95924.843744,95924.509043,0.000000,127742.957642
614,0.025080,120565.032110,0.000000,95924.843744,95924.509043,0.000000,127742.957642
615,0.025129,120565.032110,0.000000,95924.843744,95924.509043,0.000000,127742.957642
616,0.025152,120565.032110,0.000000,95924.843744,95924.509043,0.000000,127742.957642
617,0.025216,120565.032110,0.000000,95924.843744,95924.509043,-86600.491217,127742.957642
618,0.025228,120565.032110,120413.830940,95924.843744,95924.509043,0.000000,127742.957642
619,0.025235,120565.032110,0.000000,95924.843744,95924.509043,0.000000,127742.957642
620,0.025335,120565.032110,0.000000,95924.843744,95924.509043,0.000000,127742.957642
621,0.025416,120565.032110,0.000000,95924.843744,95924.509043,0.000000,127742.957642
622,0.025480,120565.032110,0.000000,95924.843744,95924.509043,0.000000,127742.957642
623,0.025506,120565.032110,0.000000,95924.843744,95924.509043,0.000000,127742.957642
624,0.025565,120565.032110,0.000000,95924.843744,95924.509043,0.000000,127742.957642
625,0.025638,120565.032110,0.000000,95924.843744,95924.509043,0.000000,127742.957642
626,0.025706,120565.032110,0.000000,95924.843744,95924.509043,0.000000,127742.957642
627,0.025726,120565.032110,0.000000,95924.843744,95924.509043,0.000000,127742.957642
628,0.025782,120565.032110,0.000000,95924.843744,95924.509043,0.000000,127742.957642
629,0.025854,120565.032110,0.000000,95924.843744,95924.509043,0.000000,127742.957642
630,0.025857,120565.032110,120403.348587,95924.843744,95924.509043,0.000000,127742.957642
631,0.025891,120565.032110,0.000000,95924.843744,95924.509043,0.000000,127742.957642
632,0.026064,120565.032110,120399.896216,95924.843744,95924.509043,0.000000,127742.957642
633,0.026067,120565.032110,0.000000,95924.843744,95924.509043,0.000000,127742.957642
634,0.026118,120565.032110,0.000000,95924.843744,95924.509043,0.000000,127742.957642
635,0.026132,120565.032110,0.000000,95924.843744,95924.509043,0.000000,127742.957642
636,0.026159,120565.032110,0.000000,95924.843744,95924.509043,0.000000,127742.957642
637,0.026163,120565.032110,0.000000,95924.843744,95924.509043,0.000000,127742.957642
638,0.026170,120565.032110,0.000000,95924.843744,95924.509043,0.000000,127742.957642
639,0.026219,120565.032110,0.000000,95924.843744,95924.509043,0.000000,127742.957642
640,0.026273,120565.032110,0.000000,95924.843744,95924.509043,0.000000,127742.957642
641,0.026319,120565.032110,0.000000,95924.843744,95924.509043,0.000000,127742.957642
642,0.026339,120565.032110,0.000000,95924.843744,95924.509043,0.000000,127742.957642
643,0.026410,120565.032110,0.000000,95924.843744,95924.509043,0.000000,127742.957642
644,0.026498,120565.032110,0.000000,95924.843744,95924.509043,0.000000,127742.957642
645,0.026527,120565.032110,0.000000,95924.843744,95924.509043,0.000000,127742.957642
646,0.026561,120565.032110,0.000000,95924.843744,95924.509043,0.000000,127742.957642
647,0.026599,120565.032110,0.000000,95924.843744,95924.509043,0.000000,127742.957642
648,0.026631,120565.032110,0.000000,95924.843744,95924.509043,0.000000,127742.957642
649,0.026916,120565.032110,0.000000,95924.843744,95924.509043,0.000000,127742.957642
650,0.026942,120565.032110,0.000000,95924.843744,95924.509043,0.000000,127742.957642
651,0.026960,120565.032110,0.000000,95924.843744,95924.509043,0.000000,127742.957642
652,0.026968,120565.032110,0.000000,95924.843744,95924.509043,0.000000,127742.957642
653,0.027040,120565.032110,0.000000,95924.843744,95924.509043,0.000000,127742.957642
654,0.027042,120565.032110,0.000000,95924.843744,95924.509043,0.000000,127742.957642
655,0.027102,120565.032110,0.000000,95924.843744,95924.509043,0.000000,127742.957642
656,0.027106,120565.032110,0.000000,95924.843744,95924.509043,0.000000,127742.957642
657,0.027200,120565.032110,0.000000,95924.843744,95924.509043,0.000000,127742.957642
658,0.027272,120565.032110,0.000000,95924.843744,95924.509043,0.000000,127742.957642
659,0.027319,120565.032110,0.000000,95924.843744,95924.509043,0.000000,127742.957642
660,0.027488,120565.032110,0.000000,95924.843744,95924.509043,0.000000,127742.957642
661,0.027489,120565.032110,0.000000,95924.843744,95924.509043,0.000000,127742.957642
662,0.027536,120565.032110,0.000000,95924.843744,95924.509043,0.000000,127742.957642
663,0.027594,120565.032110,0.000000,95924.843744,95924.509043,0.000000,127742.957642
664,0.027599,120565.032110,0.000000,95924.843744,95924.509043,0.000000,127742.957642
665,0.027644,120565.032110,0.000000,95924.843744,95924.509043,0.000000,127742.957642
666,0.027730,120565.032110,0.000000,95924.843744,95924.509043,0.000000,127742.957642
667,0.027766,120565.032110,0.000000,95924.843744,95924.509043,0.000000,127742.957642
668,0.027775,120565.032110,0.000000,95924.843744,95924.509043,0.000000,127742.957642
669,0.027806,120565.032110,0.000000,95924.843744,95924.509043,0.000000,127742.957642
670,0.027806,120565.032110,0.000000,95924.843744,95924.509043,0.000000,127742.957642
671,0.027886,120565.032110,0.000000,95924.843744,95924.509043,0.000000,127742.957642
672,0.027922,120565.032110,0.000000,95924.843744,95924.509043,0.000000,127742.957642
673,0.027941,120565.032110,0.000000,95924.843744,95924.509043,0.000000,127742.957642
674,0.027950,120565.032110,120368.462622,95924.843744,95924.509043,0.000000,127742.957642
675,0.027990,120565.032110,0.000000,95924.843744,95924.509043,0.000000,127742.957642
676,0.028006,120565.032110,0.000000,95924.843744,95924.509043,0.000000,127742.957642
677,0.028013,120565.032110,0.000000,95924.843744,95924.509043,0.000000,127742.957642
678,0.028090,120565.032110,0.000000,95924.843744,95924.509043,0.000000,127742.957642
679,0.028118,120565.032110,0.000000,95924.843744,95924.509043,0.000000,127742.957642
680,0.028145,120565.032110,0.000000,95924.843744,95924.509043,0.000000,127742.957642
681,0.028266,120565.032110,0.000000,95924.843744,95924.509043,0.000000,127742.957642
682,0.028286,120565.032110,0.000000,95924.843744,95924.509043,0.000000,127742.957642
683,0.028361,120565.032110,0.000000,95924.843744,95924.509043,0.000000,127742.957642
684,0.028365,120565.032110,0.000000,95924.843744,95924.509043,0.000000,127742.957642
685,0.028380,120565.032110,0.000000,95924.843744,95924.509043,0.000000,127742.957642
686,0.028444,120565.032110,120360.215055,95924.843744,95924.509043,0.000000,127742.957642
687,0.028459,120565.032110,0.000000,95924.843744,95924.509043,0.000000,127742.957642
688,0.028461,120565.032110,0.000000,95924.843744,95924.509043,0.000000,127742.957642
689,0.028536,120565.032110,0.000000,95924.843744,95924.509043,0.000000,127742.957642
690,0.028605,120565.032110,0.000000,95924.843744,95924.509043,0.000000,127742.957642
691,0.028637,120565.032110,0.000000,95924.843744,95924.509043,0.000000,127742.957642
692,0.028728,120565.032110,0.000000,95924.843744,95924.509043,0.000000,127742.957642
693,0.028733,120565.032110,0.000000,95924.843744,95924.509043,0.000000,127742.957642
694,0.028752,120565.032110,0.000000,95924.843744,95924.509043,0.000000,127742.957642
695,0.028857,120565.032110,0.000000,95924.843744,95924.509043,0.000000,127742.957642
696,0.028982,120565.032110,0.000000,95924.843744,95924.509043,0.000000,127742.957642
697,0.028996,120565.032110,0.000000,95924.843744,95924.509043,0.000000,127742.957642
698,0.029041,120565.032110,0.000000,95924.843744,95924.509043,0.000000,127742.957642
699,0.029158,120565.032110,0.000000,95924.843744,95924.509043,0.000000,127742.957642
700,0.029168,120565.032110,0.000000,95924.843744,95924.509043,0.000000,127742.957642
701,0.029187,120565.032110,0.000000,95924.843744,95924.509043,0.000000,127742.957642
702,0.029214,120565.032110,0.000000,95924.843744,95924.509043,0.000000,127742.957642
703,0.029290,120565.032110,0.000000,95924.843744,95924.509043,0.000000,127742.957642
704,0.029312,120565.032110,0.000000,95924.843744,95924.509043,0.000000,127742.957642
705,0.029348,120565.032110,0.000000,95924.843744,95924.509043,0.000000,127742.957642
706,0.029368,120565.032110,0.000000,95924.843744,95924.509043,0.000000,127742.957642
707,0.029441,120565.032110,0.000000,95924.843744,95924.509043,0.000000,127742.957642
708,0.029453,120565.032110,0.000000,95924.843744,95924.509043,0.000000,127742.957642
709,0.029461,120565.032110,0.000000,95924.843744,95924.509043,0.000000,127742.957642
710,0.029463,120565.032110,0.000000,95924.843744,95924.509043,0.000000,127742.957642
711,0.029481,120565.032110,0.000000,95924.843744,95924.509043,0.000000,127742.957642
712,0.029553,120565.032110,120341.738672,95924.843744,95924.509043,0.000000,127742.957642
713,0.029594,120565.032110,0.000000,95924.843744,95924.509043,0.000000,127742.957642
714,0.029598,120565.032110,0.000000,95924.843744,95924.509043,0.000000,127742.957642
715,0.029741,120565.032110,0.000000,95924.843744,95924.509043,0.000000,127742.957642
716,0.029763,120565.032110,0.000000,95924.843744,95924.509043,0.000000,127742.957642
717,0.029862,120565.032110,0.000000,95924.843744,95924.509043,0.000000,127742.957642
718,0.029940,120565.032110,0.000000,95924.843744,95924.509043,0.000000,127742.957642
719,0.029943,120565.032110,0.000000,95924.843744,95924.509043,0.000000,127742.957642
720,0.030067,120565.032110,0.000000,95924.843744,95924.509043,0.000000,127742.957642
721,0.030155,120565.032110,0.000000,95924.843744,95924.509043,0.000000,127742.957642
722,0.030160,120565.032110,0.000000,95924.843744,95924.509043,0.000000,127742.957642
723,0.030184,120565.032110,0.000000,95924.843744,95924.509043,0.000000,127742.957642
724,0.030292,120565.032110,0.000000,95924.843744,95924.509043,0.000000,127742.957642
725,0.030398,120565.032110,0.000000,95924.843744,95924.509043,0.000000,127742.957642
726,0.030430,120565.032110,0.000000,95924.843744,95924.509043,0.000000,127742.957642
727,0.030491,120565.032110,0.000000,95924.843744,95924.509043,0.000000,127742.957642
728,0.030567,120565.032110,0.000000,95924.843744,95924.509043,0.000000,127742.957642
729,0.030589,120565.032110,0.000000,95924.843744,95924.509043,0.000000,127742.957642
730,0.030671,120565.032110,0.000000,95924.843744,95924.509043,0.000000,127742.957642
731,0.030725,120565.032110,0.000000,95924.843744,95924.509043,115621.865971,127742.957642
732,0.030728,120565.032110,0.000000,95924.843744,95924.509043,0.000000,127742.957642
733,0.030794,120565.032110,0.000000,95924.843744,95924.509043,0.000000,127742.957642
734,0.030805,120565.032110,0.000000,95924.843744,95924.509043,0.000000,127742.957642
735,0.030812,120565.032110,0.000000,95924.843744,95924.509043,0.000000,127742.957642
736,0.030816,120565.032110,0.000000,95924.843744,95924.509043,0.000000,127742.957642
737,0.030827,120565.032110,0.000000,95924.843744,95924.509043,0.000000,127742.957642
738,0.030861,120565.032110,120319.925440,95924.843744,95924.509043,0.000000,127742.957642
739,0.030862,120565.032110,0.000000,95924.843744,95924.509043,0.000000,127742.957642
740,0.030901,120565.032110,0.000000,95924.843744,95924.509043,0.000000,127742.957642
741,0.030904,120565.032110,0.000000,95924.843744,95924.509043,0.000000,127742.957642
742,0.030954,120565.032110,0.000000,95924.843744,95924.509043,0.000000,127742.957642
743,0.030964,120565.032110,0.000000,95924.843744,95924.509043,0.000000,127742.957642
744,0.031035,120565.032110,0.000000,95924.843744,95924.509043,0.000000,127742.957642
745,0.031126,120565.032110,0.000000,95924.843744,95924.509043,0.000000,127742.957642
746,0.031280,120565.032110,0.000000,95924.843744,95924.509043,0.000000,127742.957642
747,0.031313,120565.032110,0.000000,95924.843744,95924.509043,0.000000,127742.957642
748,0.031526,120565.032110,0.000000,95924.843744,95924.509043,0.000000,127742.957642
749,0.031543,120565.032110,0.000000,95924.843744,95924.509043,0.000000,127742.957642
750,0.031564,120565.032110,0.000000,95924.843744,95924.509043,0.000000,127742.957642
751,0.031627,120565.032110,0.000000,95924.843744,95924.509043,0.000000,127742.957642
752,0.031641,120565.032110,0.000000,95924.843744,95924.509043,0.000000,127742.957642
753,0.031728,120565.032110,0.000000,95924.843744,95924.509043,0.000000,127742.957642
754,0.031747,120565.032110,0.000000,95924.843744,95924.509043,0.000000,127742.957642
755,0.031754,120565.032110,0.000000,95924.843744,95924.509043,0.000000,127742.957642
756,0.031831,120565.032110,0.000000,95924.843744,95924.509043,0.000000,127742.957642
757,0.031899,120565.032110,0.000000,95924.843744,95924.509043,0.000000,127742.957642
758,0.031967,120565.032110,0.000000,95924.843744,95924.509043,0.000000,127742.957642
759,0.032103,120565.032110,0.000000,95924.843744,95924.509043,0.000000,127742.957642
760,0.032238,120565.032110,0.000000,95924.843744,95924.509043,0.000000,127742.957642
761,0.032268,120565.032110,120296.475634,95924.843744,95924.509043,0.000000,127742.957642
762,0.032323,120565.032110,0.000000,95924.843744,95924.509043,0.000000,127742.957642
763,0.032372,120565.032110,120294.741524,95924.843744,95924.509043,0.000000,127742.957642
764,0.032448,120565.032110,0.000000,95924.843744,95924.509043,0.000000,127742.957642
765,0.032450,120565.032110,0.000000,95924.843744,95924.509043,0.000000,127742.957642
766,0.032498,120565.032110,0.000000,95924.843744,95924.509043,0.000000,127742.957642
767,0.032516,120565.032110,0.000000,95924.843744,95924.509043,0.000000,127742.957642
768,0.032659,120565.032110,0.000000,95924.843744,95924.509043,0.000000,127742.957642
769,0.032708,120565.032110,0.000000,95924.843744,95924.509043,0.000000,127742.957642
770,0.032766,120565.032110,0.000000,95924.843744,95924.509043,0.000000,127742.957642
771,0.032776,120565.032110,0.000000,95924.843744,95924.509043,0.000000,127742.957642
772,0.032896,120565.032110,0.000000,95924.843744,95924.509043,0.000000,127742.957642
773,0.033010,120565.032110,120284.103822,95924.843744,95924.509043,0.000000,127742.957642
774,0.033090,120565.032110,0.000000,95924.843744,95924.509043,0.000000,127742.957642
775,0.033164,120565.032110,0.000000,95924.843744,95924.509043,0.000000,127742.957642
776,0.033181,120565.032110,120281.253259,95924.843744,95924.509043,0.000000,127742.957642
777,0.033265,120565.032110,0.000000,95924.843744,95924.509043,0.000000,127742.957642
778,0.033309,120565.032110,0.000000,95924.843744,95924.509043,0.000000,127742.957642
779,0.033365,120565.032110,120278.184652,95924.843744,95924.509043,0.000000,127742.957642
780,0.033438,120565.032110,0.000000,95924.843744,95924.509043,0.000000,127742.957642
781,0.033477,120565.032110,0.000000,95924.843744,95924.509043,0.000000,127742.957642
782,0.033483,120565.032110,120276.226404,95924.843744,95924.509043,0.000000,127742.957642
783,0.033514,120565.032110,0.000000,95924.843744,95924.509043,0.000000,127742.957642
784,0.033603,120565.032110,0.000000,95924.843744,95924.509043,0.000000,127742.957642
785,0.033660,120565.032110,0.000000,95924.843744,95924.509043,0.000000,127742.957642
786,0.033705,120565.032110,120272.522037,95924.843744,95924.509043,0.000000,127742.957642
787,0.033716,120565.032110,0.000000,95924.843744,95924.509043,0.000000,127742.957642
788,0.033741,120565.032110,0.000000,95924.843744,95924.509043,0.000000,127742.957642
789,0.033835,120565.032110,0.000000,95924.843744,95924.509043,0.000000,127742.957642
790,0.033866,120565.032110,0.000000,95924.843744,95924.509043,0.000000,127742.957642
791,0.034063,120565.032110,0.000000,95924.843744,95924.509043,0.000000,127742.957642
792,0.034211,120565.032110,0.000000,95924.843744,95924.509043,0.000000,127742.957642
793,0.034250,120565.032110,0.000000,95924.843744,95924.509043,0.000000,127742.957642
794,0.034324,120565.032110,0.000000,95924.843744,95924.509043,0.000000,127742.957642
795,0.034367,120565.032110,0.000000,95924.843744,95924.509043,0.000000,127742.957642
796,0.034387,120565.032110,0.000000,95924.843744,95924.509043,0.000000,127742.957642
797,0.034491,120565.032110,0.000000,95924.843744,95924.509043,0.000000,127742.957642
798,0.034497,120565.032110,0.000000,95924.843744,95924.509043,0.000000,127742.957642
799,0.034573,120565.032110,0.000000,95924.843744,95924.509043,0.000000,127742.957642
800,0.034581,120565.032110,0.000000,95924.843744,95924.509043,0.000000,127742.957642
801,0.034597,120565.032110,0.000000,95924.843744,95924.509043,0.000000,127742.957642
802,0.034611,120565.032110,0.000000,95924.843744,95924.509043,0.000000,127742.957642
803,0.034616,120565.032110,0.000000,95924.843744,95924.509043,0.000000,127742.957642
804,0.034649,120565.032110,0.000000,95924.843744,95924.509043,0.000000,127742.957642
805,0.034698,120565.032110,0.000000,95924.843744,95924.509043,0.000000,127742.957642
806,0.034849,120565.032110,0.000000,95924.843744,95924.509043,0.000000,127742.957642
807,0.034964,120565.032110,0.000000,95924.843744,95924.509043,0.000000,127742.957642
808,0.035251,120565.032110,120246.755045,95924.843744,95924.509043,0.000000,127742.957642
809,0.035348,120565.032110,0.000000,95924.843744,95924.509043,0.000000,127742.957642
810,0.035371,120565.032110,0.000000,95924.843744,95924.509043,0.000000,127742.957642
811,0.035387,120565.032110,0.000000,95924.843744,95924.509043,0.000000,127742.957642
812,0.035401,120565.032110,0.000000,95924.843744,95924.509043,0.000000,127742.957642
813,0.035460,120565.032110,0.000000,95924.843744,95924.509043,0.000000,127742.957642
814,0.035482,120565.032110,0.000000,95924.843744,95924.509043,0.000000,127742.957642
815,0.035493,120565.032110,0.000000,95924.843744,95924.509043,0.000000,127742.957642
816,0.035502,120565.032110,0.000000,95924.843744,95924.509043,0.000000,127742.957642
817,0.035503,120565.032110,0.000000,95924.843744,95924.509043,0.000000,127742.957642
818,0.035602,120565.032110,0.000000,95924.843744,95924.509043,0.000000,127742.957642
819,0.035636,120565.032110,0.000000,95924.843744,95924.509043,0.000000,127742.957642
820,0.035650,120565.032110,0.000000,95924.843744,95924.509043,0.000000,127742.957642
821,0.035691,120565.032110,120239.418566,95924.843744,95924.509043,0.000000,127742.957642
822,0.035738,120565.032110,0.000000,95924.843744,95924.509043,0.000000,127742.957642
823,0.035771,120565.032110,0.000000,95924.843744,95924.509043,0.000000,127742.957642
824,0.035799,120565.032110,0.000000,95924.843744,95924.509043,0.000000,127742.957642
825,0.035866,120565.032110,0.000000,95924.843744,95924.509043,0.000000,127742.957642
826,0.035866,120565.032110,0.000000,95924.843744,95924.509043,0.000000,127742.957642
827,0.035881,120565.032110,0.000000,95924.843744,95924.509043,0.000000,127742.957642
828,0.035888,120565.032110,0.000000,95924.843744,95924.509043,0.000000,127742.957642
829,0.036092,120565.032110,0.000000,95924.843744,95924.509043,0.000000,127742.957642
830,0.036121,120565.032110,0.000000,95924.843744,95924.509043,0.000000,127742.957642
831,0.036174,120565.032110,120231.362717,95924.843744,95924.509043,0.000000,127742.957642
832,0.036214,120565.032110,0.000000,95924.843744,95924.509043,0.000000,127742.957642
833,0.036265,120565.032110,0.000000,95924.843744,95924.509043,0.000000,127742.957642
834,0.036284,120565.032110,120229.532388,95924.843744,95924.509043,0.000000,127742.957642
835,0.036368,120565.032110,0.000000,95924.843744,95924.509043,0.000000,127742.957642
836,0.036369,120565.032110,0.000000,95924.843744,95924.509043,0.000000,127742.957642
837,0.036626,120565.032110,0.000000,95924.843744,95924.509043,0.000000,127742.957642
838,0.036715,120565.032110,120222.338412,95924.843744,95924.509043,0.000000,127742.957642
839,0.036773,120565.032110,0.000000,95924.843744,95924.509043,0.000000,127742.957642
840,0.036822,120565.032110,0.000000,95924.843744,95924.509043,0.000000,127742.957642
841,0.036844,120565.032110,0.000000,95924.843744,95924.509043,0.000000,127742.957642
842,0.036940,120565.032110,0.000000,95924.843744,95924.509043,0.000000,127742.957642
843,0.036966,120565.032110,0.000000,95924.843744,95924.509043,0.000000,127742.957642
844,0.037019,120565.032110,0.000000,95924.843744,95924.509043,0.000000,127742.957642
845,0.037052,120565.032110,0.000000,95924.843744,95924.509043,0.000000,127742.957642
846,0.037078,120565.032110,0.000000,95924.843744,95924.509043,0.000000,127742.957642
847,0.037235,120565.032110,0.000000,95924.843744,95924.509043,0.000000,127742.957642
848,0.037424,120565.032110,0.000000,95924.843744,95924.509043,0.000000,127742.957642
849,0.037448,120565.032110,0.000000,95924.843744,95924.509043,0.000000,127742.957642
850,0.037453,120565.032110,0.000000,95924.843744,95924.509043,0.000000,127742.957642
851,0.037495,120565.032110,0.000000,95924.843744,95924.509043,0.000000,127742.957642
852,0.037816,120565.032110,0.000000,95924.843744,95924.509043,0.000000,127742.957642
853,0.037909,120565.032110,0.000000,95924.843744,95924.509043,0.000000,127742.957642
854,0.037934,120565.032110,0.000000,95924.843744,95924.509043,0.000000,127742.957642
855,0.037963,120565.032110,0.000000,95924.843744,95924.509043,0.000000,127742.957642
856,0.037978,120565.032110,0.000000,95924.843744,95924.509043,0.000000,127742.957642
857,0.038072,120565.032110,0.000000,95924.843744,95924.509043,0.000000,127742.957642
858,0.038112,120565.032110,0.000000,95924.843744,95924.509043,0.000000,127742.957642
859,0.038331,120565.032110,0.000000,95924.843744,95924.509043,0.000000,127742.957642
860,0.038357,120565.032110,0.000000,95924.843744,95924.509043,0.000000,127742.957642
861,0.038362,120565.032110,0.000000,95924.843744,95924.509043,0.000000,127742.957642
862,0.038371,120565.032110,0.000000,95924.843744,95924.509043,0.000000,127742.957642
863,0.038445,120565.032110,0.000000,95924.843744,95924.509043,0.000000,127742.957642
864,0.038551,120565.032110,0.000000,95924.843744,95924.509043,0.000000,127742.957642
865,0.038783,120565.032110,0.000000,95924.843744,95924.509043,0.000000,127742.957642
866,0.038840,120565.032110,0.000000,95924.843744,95924.509043,0.000000,127742.957642
867,0.038874,120565.032110,0.000000,95924.843744,95924.509043,0.000000,127742.957642
868,0.038907,120565.032110,0.000000,95924.843744,95924.509043,0.000000,127742.957642
869,0.038961,120565.032110,0.000000,95924.843744,95924.509043,0.000000,127742.957642
870,0.038963,120565.032110,0.000000,95924.843744,95924.509043,0.000000,127742.957642
871,0.039055,120565.032110,0.000000,95924.843744,95924.509043,0.000000,127742.957642
872,0.039072,120565.032110,0.000000,95924.843744,95924.509043,0.000000,127742.957642
873,0.039132,120565.032110,0.000000,95924.843744,95924.509043,0.000000,127742.957642
874,0.039155,120565.032110,0.000000,95924.843744,95924.509043,0.000000,127742.957642
875,0.039162,120565.032110,120181.552734,95924.843744,95924.509043,0.000000,127742.957642
876,0.039349,120565.032110,0.000000,95924.843744,95924.509043,0.000000,127742.957642
877,0.039467,120565.032110,0.000000,95924.843744,95924.509043,0.000000,127742.957642
878,0.039470,120565.032110,0.000000,95924.843744,95924.509043,0.000000,127742.957642
879,0.039485,120565.032110,0.000000,95924.843744,95924.509043,0.000000,127742.957642
880,0.039613,120565.032110,0.000000,95924.843744,95924.509043,0.000000,127742.957642
881,0.039753,120565.032110,0.000000,95924.843744,95924.509043,0.000000,127742.957642
882,0.039864,120565.032110,0.000000,95924.843744,95924.509043,0.000000,127742.957642
883,0.039945,120565.032110,0.000000,95924.843744,95924.509043,0.000000,127742.957642
884,0.040157,120565.032110,0.000000,95924.843744,95924.509043,0.000000,127742.957642
885,0.040317,120565.032110,120162.297031,95924.843744,95924.509043,0.000000,127742.957642
886,0.040321,120565.032110,0.000000,95924.843744,95924.509043,0.000000,127742.957642
887,0.040378,120565.032110,120161.275176,95924.843744,95924.509043,0.000000,127742.957642
888,0.040399,120565.032110,0.000000,95924.843744,95924.509043,0.000000,127742.957642
889,0.040525,120565.032110,0.000000,95924.843744,95924.509043,0.000000,127742.957642
890,0.040820,120565.032110,0.000000,95924.843744,95924.509043,0.000000,127742.957642
891,0.040880,120565.032110,0.000000,95924.843744,95924.509043,0.000000,127742.957642
892,0.040964,120565.032110,120151.514275,95924.843744,95924.509043,0.000000,127742.957642
893,0.041072,120565.032110,0.000000,95924.843744,95924.509043,0.000000,127742.957642
894,0.041228,120565.032110,0.000000,95924.843744,95924.509043,0.000000,127742.957642
895,0.041409,120565.032110,0.000000,95924.843744,95924.509043,0.000000,127742.957642
896,0.041577,120565.032110,0.000000,95924.843744,95924.509043,0.000000,127742.957642
897,0.041650,120565.032110,0.000000,95924.843744,95924.509043,0.000000,127742.957642
898,0.041665,120565.032110,0.000000,95924.843744,95924.509043,0.000000,127742.957642
899,0.041718,120565.032110,0.000000,95924.843744,95924.509043,0.000000,127742.957642
900,0.041814,120565.032110,0.000000,95924.843744,95924.509043,0.000000,127742.957642
901,0.042016,120565.032110,0.000000,95924.843744,95924.509043,0.000000,127742.957642
902,0.042092,120565.032110,0.000000,95924.843744,95924.509043,0.000000,127742.957642
903,0.042554,120565.032110,0.000000,95924.843744,95924.509043,0.000000,127742.957642
904,0.042667,120565.032110,0.000000,95924.843744,95924.509043,0.000000,127742.957642
905,0.042901,120565.032110,0.000000,95924.843744,95924.509043,0.000000,127742.957642
906,0.043052,120565.032110,0.000000,95924.843744,95924.509043,0.000000,127742.957642
907,0.043114,120565.032110,0.000000,95924.843744,95924.509043,0.000000,127742.957642
908,0.043127,120565.032110,0.000000,95924.843744,95924.509043,0.000000,127742.957642
909,0.043149,120565.032110,0.000000,95924.843744,95924.509043,0.000000,127742.957642
910,0.043164,120565.032110,0.000000,95924.843744,95924.509043,0.000000,127742.957642
911,0.043182,120565.032110,0.000000,95924.843744,95924.509043,0.000000,127742.957642
912,0.043222,120565.032110,0.000000,95924.843744,95924.509043,0.000000,127742.957642
913,0.043257,120565.032110,120113.282262,95924.843744,95924.509043,0.000000,127742.957642
914,0.043345,120565.032110,0.000000,95924.843744,95924.509043,0.000000,127742.957642
915,0.043452,120565.032110,120110.028045,95924.843744,95924.509043,0.000000,127742.957642
916,0.043585,120565.032110,0.000000,95924.843744,95924.509043,0.000000,127742.957642
917,0.043606,120565.032110,120107.465309,95924.843744,95924.509043,0.000000,127742.957642
918,0.043817,120565.032110,0.000000,95924.843744,95924.509043,0.000000,127742.957642
919,0.043934,120565.032110,0.000000,95924.843744,95924.509043,0.000000,127742.957642
920,0.044195,120565.032110,0.000000,95924.843744,95924.509043,0.000000,127742.957642
921,0.044219,120565.032110,0.000000,95924.843744,95924.509043,0.000000,127742.957642
922,0.044458,120565.032110,0.000000,95924.843744,95924.509043,0.000000,127742.957642
923,0.044522,120565.032110,0.000000,95924.843744,95924.509043,0.000000,127742.957642
924,0.044571,120565.032110,0.000000,95924.843744,95924.509043,0.000000,127742.957642
925,0.044705,120565.032110,0.000000,95924.843744,95924.509043,0.000000,127742.957642
926,0.044958,120565.032110,120084.935379,95924.843744,95924.509043,0.000000,127742.957642
927,0.045242,120565.032110,0.000000,95924.843744,95924.509043,0.000000,127742.957642
928,0.045272,120565.032110,0.000000,95924.843744,95924.509043,0.000000,127742.957642
929,0.045478,120565.032110,0.000000,95924.843744,95924.509043,0.000000,127742.957642
930,0.045529,120565.032110,0.000000,95924.843744,95924.509043,0.000000,127742.957642
931,0.045637,120565.032110,120073.608685,95924.843744,95924.509043,0.000000,127742.957642
932,0.045764,120565.032110,0.000000,95924.843744,95924.509043,0.000000,127742.957642
933,0.045876,120565.032110,0.000000,95924.843744,95924.509043,0.000000,127742.957642
934,0.045945,120565.032110,0.000000,95924.843744,95924.509043,0.000000,127742.957642
935,0.045981,120565.032110,0.000000,95924.843744,95924.509043,0.000000,127742.957642
936,0.046097,120565.032110,0.000000,95924.843744,95924.509043,0.000000,127742.957642
937,0.046167,120565.032110,0.000000,95924.843744,95924.509043,0.000000,127742.957642
938,0.046178,120565.032110,0.000000,95924.843744,95924.509043,0.000000,127742.957642
939,0.046487,120565.032110,120059.443473,95924.843744,95924.509043,0.000000,127742.957642
940,0.046801,120565.032110,0.000000,95924.843744,95924.509043,0.000000,127742.957642
941,0.046960,120565.032110,0.000000,95924.843744,95924.509043,0.000000,127742.957642
942,0.047326,120565.032110,0.000000,95924.843744,95924.509043,0.000000,127742.957642
943,0.047583,120565.032110,0.000000,95924.843744,95924.509043,0.000000,127742.957642
944,0.047638,120565.032110,0.000000,95924.843744,95924.509043,0.000000,127742.957642
945,0.047763,120565.032110,0.000000,95924.843744,95924.509043,0.000000,127742.957642
946,0.047851,120565.032110,0.000000,95924.843744,95924.509043,0.000000,127742.957642
947,0.048119,120565.032110,0.000000,95924.843744,95924.509043,0.000000,127742.957642
948,0.048180,120565.032110,0.000000,95924.843744,95924.509043,0.000000,127742.957642
949,0.048238,120565.032110,0.000000,95924.843744,95924.509043,0.000000,127742.957642
950,0.048541,120565.032110,120025.200663,95924.843744,95924.509043,0.000000,127742.957642
951,0.048608,120565.032110,0.000000,95924.843744,95924.509043,0.000000,127742.957642
952,0.048925,120565.032110,0.000000,95924.843744,95924.509043,0.000000,127742.957642
953,0.049450,120565.032110,0.000000,95924.843744,95924.509043,0.000000,127742.957642
954,0.049507,120565.032110,0.000000,95924.843744,95924.509043,0.000000,127742.957642
955,0.049634,120565.032110,0.000000,95924.843744,95924.509043,0.000000,127742.957642
956,0.049677,120565.032110,0.000000,95924.843744,95924.509043,0.000000,127742.957642
957,0.049940,120565.032110,0.000000,95924.843744,95924.509043,0.000000,127742.957642
958,0.050052,120565.032110,0.000000,95924.843744,95924.509043,0.000000,127742.957642
959,0.050115,120565.032110,0.000000,95924.843744,95924.509043,0.000000,127742.957642
960,0.050212,120565.032110,119997.343416,95924.843744,95924.509043,0.000000,127742.957642
961,0.050362,120565.032110,0.000000,95924.843744,95924.509043,0.000000,127742.957642
962,0.051094,120565.032110,0.000000,95924.843744,95924.509043,0.000000,127742.957642
963,0.051109,120565.032110,0.000000,95924.843744,95924.509043,0.000000,127742.957642
964,0.051327,120565.032110,0.000000,95924.843744,95924.509043,0.000000,127742.957642
965,0.051544,120565.032110,0.000000,95924.843744,95924.509043,0.000000,127742.957642
966,0.051778,120565.032110,0.000000,95924.843744,95924.509043,0.000000,127742.957642
967,0.051817,120565.032110,119970.579624,95924.843744,95924.509043,0.000000,127742.957642
968,0.052311,120565.032110,0.000000,95924.843744,95924.509043,0.000000,127742.957642
969,0.052362,120565.032110,0.000000,95924.843744,95924.509043,0.000000,127742.957642
970,0.052366,120565.032110,0.000000,95924.843744,95924.509043,0.000000,127742.957642
971,0.052654,120565.032110,0.000000,95924.843744,95924.509043,0.000000,127742.957642
972,0.053233,120565.032110,0.000000,95924.843744,95924.509043,0.000000,127742.957642
973,0.053295,120565.032110,0.000000,95924.843744,95924.509043,0.000000,127742.957642
974,0.053302,120565.032110,0.000000,95924.843744,95924.509043,0.000000,127742.957642
975,0.053316,120565.032110,0.000000,95924.843744,95924.509043,0.000000,127742.957642
976,0.054884,120565.032110,0.000000,95924.843744,95924.509043,0.000000,127742.957642
977,0.054956,120565.032110,0.000000,95924.843744,95924.509043,0.000000,127742.957642
978,0.055124,120565.032110,0.000000,95924.843744,95924.509043,0.000000,127742.957642
979,0.055329,120565.032110,0.000000,95924.843744,95924.509043,0.000000,127742.957642
980,0.055373,120565.032110,0.000000,95924.843744,95924.509043,0.000000,127742.957642
981,0.055479,120565.032110,0.000000,95924.843744,95924.509043,0.000000,127742.957642
982,0.056660,120565.032110,119889.842394,95924.843744,95924.509043,0.000000,127742.957642
983,0.056758,120565.032110,0.000000,95924.843744,95924.509043,0.000000,127742.957642
984,0.056899,120565.032110,0.000000,95924.843744,95924.509043,0.000000,127742.957642
985,0.057259,120565.032110,0.000000,95924.843744,95924.509043,0.000000,127742.957642
986,0.057582,120565.032110,0.000000,95924.843744,95924.509043,0.000000,127742.957642
987,0.057859,120565.032110,0.000000,95924.843744,95924.509043,0.000000,127742.957642
988,0.057919,120565.032110,0.000000,95924.843744,95924.509043,0.000000,127742.957642
989,0.058005,120565.032110,0.000000,95924.843744,95924.509043,0.000000,127742.957642
990,0.058468,120565.032110,0.000000,95924.843744,95924.509043,0.000000,127742.957642
991,0.059588,120565.032110,0.000000,95924.843744,95924.509043,0.000000,127742.957642
992,0.060464,120565.032110,0.000000,95924.843744,95924.509043,0.000000,127742.957642
993,0.062425,120565.032110,119793.715676,95924.843744,95924.509043,0.000000,127742.957642
994,0.062549,120565.032110,0.000000,95924.843744,95924.509043,0.000000,127742.957642
995,0.062983,120565.032110,0.000000,95924.843744,95924.509043,0.000000,127742.957642
996,0.066079,120565.032110,0.000000,95924.843744,95924.509043,0.000000,127742.957642
997,0.067579,120565.032110,0.000000,95924.843744,95924.509043,0.000000,127742.957642
998,0.073991,120565.032110,0.000000,95924.843744,95924.509043,0.000000,127742.957642
999,0.077017,120565.032110,0.000000,95924.843744,95924.509043,0.000000,127742.957642
