#Sample,Regressor_0_EUR-EURIBOR-3M,RegressionDIM,LocalDIM,ExpectedDIM,ZeroOrderDIM,DeltaNPV,SimpleDIM
0,-0.024230,215996.969287,0.000000,91960.250908,100712.754119,-160881.481387,138745.832517
1,-0.022690,211363.996229,0.000000,91960.250908,100712.754119,-105305.704208,138745.832517
2,-0.021554,207881.053532,0.000000,91960.250908,100712.754119,56797.846724,138745.832517
3,-0.020741,205351.980485,0.000000,91960.250908,100712.754119,31525.260867,138745.832517
4,-0.019956,202881.271604,0.000000,91960.250908,100712.754119,19995.227205,138745.832517
5,-0.019237,200588.821699,0.000000,91960.250908,100712.754119,114503.572251,138745.832517
6,-0.019045,199974.496504,0.000000,91960.250908,100712.754119,100222.949259,138745.832517
7,-0.018910,199537.560669,0.000000,91960.250908,100712.754119,-52012.727488,138745.832517
8,-0.018761,199059.843984,0.000000,91960.250908,100712.754119,48265.344130,138745.832517
9,-0.018527,198300.626489,108896.101681,91960.250908,100712.754119,59332.689473,138745.832517
10,-0.018095,196896.199866,108892.425548,91960.250908,100712.754119,1937.734550,138745.832517
11,-0.017902,196266.129595,0.000000,91960.250908,100712.754119,-258450.083507,138745.832517
12,-0.017710,195637.102321,0.000000,91960.250908,100712.754119,-31464.977198,138745.832517
13,-0.017268,194178.672254,0.000000,91960.250908,100712.754119,-7981.309251,138745.832517
14,-0.017258,194146.557953,0.000000,91960.250908,100712.754119,-41185.729303,138745.832517
15,-0.017199,193950.669246,0.000000,91960.250908,100712.754119,-13443.537035,138745.832517
16,-0.016922,193029.258321,108882.438748,91960.250908,100712.754119,53132.169547,138745.832517
17,-0.016785,192573.146970,0.000000,91960.250908,100712.754119,-34857.880058,138745.832517
18,-0.016412,191322.062469,0.000000,91960.250908,100712.754119,-111839.136950,138745.832517
19,-0.016322,191022.190214,0.000000,91960.250908,100712.754119,30991.686708,138745.832517
20,-0.016205,190627.530528,0.000000,91960.250908,100712.754119,-55933.238590,138745.832517
21,-0.016128,190366.952795,0.000000,91960.250908,100712.754119,-52395.380589,138745.832517
22,-0.016122,190347.975876,0.000000,91960.250908,100712.754119,-136872.587145,138745.832517
23,-0.015797,189247.748344,0.000000,91960.250908,100712.754119,152481.250778,138745.832517
24,-0.015373,187801.419108,0.000000,91960.250908,100712.754119,33531.467658,138745.832517
25,-0.015343,187699.634571,0.000000,91960.250908,100712.754119,147138.189891,138745.832517
26,-0.014862,186042.851824,108864.897937,91960.250908,100712.754119,-147374.746058,138745.832517
27,-0.014702,185488.688033,0.000000,91960.250908,100712.754119,-124993.008367,138745.832517
28,-0.014662,185352.415595,0.000000,91960.250908,100712.754119,-57362.984790,138745.832517
29,-0.014625,185223.412861,0.000000,91960.250908,100712.754119,30184.621089,138745.832517
30,-0.014344,184246.056000,0.000000,91960.250908,100712.754119,-95869.630785,138745.832517
31,-0.014219,183808.998520,0.000000,91960.250908,100712.754119,38296.835928,138745.832517
32,-0.014215,183795.378196,0.000000,91960.250908,100712.754119,-16947.884750,138745.832517
33,-0.013833,182453.520304,0.000000,91960.250908,100712.754119,-54954.689127,138745.832517
34,-0.013725,182073.103198,0.000000,91960.250908,100712.754119,19715.523566,138745.832517
35,-0.013691,181954.980099,0.000000,91960.250908,100712.754119,2869.200463,138745.832517
36,-0.013487,181232.089670,0.000000,91960.250908,100712.754119,12281.254101,138745.832517
37,-0.013380,180850.767915,0.000000,91960.250908,100712.754119,49156.578047,138745.832517
38,-0.013373,180825.290337,0.000000,91960.250908,100712.754119,-98733.751004,138745.832517
39,-0.013358,180774.494356,108852.098360,91960.250908,100712.754119,-120348.563148,138745.832517
40,-0.013315,180621.998552,0.000000,91960.250908,100712.754119,57091.727364,138745.832517
41,-0.013194,180190.016074,0.000000,91960.250908,100712.754119,63981.146380,138745.832517
42,-0.013041,179643.509904,0.000000,91960.250908,100712.754119,55746.449890,138745.832517
43,-0.012928,179236.411195,0.000000,91960.250908,100712.754119,-18436.310725,138745.832517
44,-0.012913,179184.183529,0.000000,91960.250908,100712.754119,84111.137567,138745.832517
45,-0.012844,178936.584401,0.000000,91960.250908,100712.754119,-23540.672826,138745.832517
46,-0.012765,178654.187140,0.000000,91960.250908,100712.754119,84405.541268,138745.832517
47,-0.012747,178586.561042,0.000000,91960.250908,100712.754119,244583.625071,138745.832517
48,-0.012734,178539.187203,0.000000,91960.250908,100712.754119,12010.408764,138745.832517
49,-0.012540,177840.075374,0.000000,91960.250908,100712.754119,11322.822222,138745.832517
50,-0.012504,177711.146368,0.000000,91960.250908,100712.754119,161741.535512,138745.832517
51,-0.012485,177643.505942,0.000000,91960.250908,100712.754119,-122351.170711,138745.832517
52,-0.012474,177603.315123,0.000000,91960.250908,100712.754119,-62986.820036,138745.832517
53,-0.012335,177099.853651,0.000000,91960.250908,100712.754119,-79236.849730,138745.832517
54,-0.012313,177019.864802,108843.200849,91960.250908,100712.754119,38993.631270,138745.832517
55,-0.012297,176962.098928,0.000000,91960.250908,100712.754119,155126.104460,138745.832517
56,-0.011968,175760.511274,0.000000,91960.250908,100712.754119,21800.534464,138745.832517
57,-0.011961,175737.869160,0.000000,91960.250908,100712.754119,-56505.718506,138745.832517
58,-0.011912,175555.226526,0.000000,91960.250908,100712.754119,192327.718002,138745.832517
59,-0.011909,175546.159001,0.000000,91960.250908,100712.754119,-90550.938096,138745.832517
60,-0.011816,175205.368870,0.000000,91960.250908,100712.754119,-62618.357523,138745.832517
61,-0.011767,175024.555901,108838.548481,91960.250908,100712.754119,-8826.592528,138745.832517
62,-0.011732,174896.353874,0.000000,91960.250908,100712.754119,142502.657669,138745.832517
63,-0.011702,174784.800480,0.000000,91960.250908,100712.754119,-18397.788155,138745.832517
64,-0.011565,174282.500006,0.000000,91960.250908,100712.754119,-17551.498418,138745.832517
65,-0.011520,174117.095171,0.000000,91960.250908,100712.754119,-2441.307417,138745.832517
66,-0.011474,173945.011136,0.000000,91960.250908,100712.754119,103917.508321,138745.832517
67,-0.011444,173833.611045,0.000000,91960.250908,100712.754119,42269.627914,138745.832517
68,-0.011378,173590.116670,0.000000,91960.250908,100712.754119,-44635.519650,138745.832517
69,-0.011273,173199.954552,0.000000,91960.250908,100712.754119,-36187.269386,138745.832517
70,-0.011261,173155.911223,108834.239283,91960.250908,100712.754119,-9079.301196,138745.832517
71,-0.011258,173145.415335,0.000000,91960.250908,100712.754119,19159.180397,138745.832517
72,-0.011182,172865.435371,0.000000,91960.250908,100712.754119,105987.690587,138745.832517
73,-0.011084,172497.461745,0.000000,91960.250908,100712.754119,24053.663234,138745.832517
74,-0.011025,172278.219653,0.000000,91960.250908,100712.754119,27264.343234,138745.832517
75,-0.011008,172217.282388,0.000000,91960.250908,100712.754119,13550.905197,138745.832517
76,-0.011004,172200.434708,0.000000,91960.250908,100712.754119,24292.921304,138745.832517
77,-0.010789,171397.776153,0.000000,91960.250908,100712.754119,-246.169498,138745.832517
78,-0.010753,171259.862100,0.000000,91960.250908,100712.754119,-114982.891573,138745.832517
79,-0.010722,171143.332781,0.000000,91960.250908,100712.754119,205471.774619,138745.832517
80,-0.010662,170919.560592,0.000000,91960.250908,100712.754119,-1177.819856,138745.832517
81,-0.010652,170879.906833,0.000000,91960.250908,100712.754119,-6406.864545,138745.832517
82,-0.010574,170587.309542,0.000000,91960.250908,100712.754119,1129.265354,138745.832517
83,-0.010540,170459.592145,0.000000,91960.250908,100712.754119,167545.792834,138745.832517
84,-0.010427,170031.846932,0.000000,91960.250908,100712.754119,-142671.018130,138745.832517
85,-0.010169,169053.852049,0.000000,91960.250908,100712.754119,46243.181625,138745.832517
86,-0.010158,169011.638878,0.000000,91960.250908,100712.754119,71487.447636,138745.832517
87,-0.010115,168848.329888,0.000000,91960.250908,100712.754119,-1289.948078,138745.832517
88,-0.009998,168402.219490,0.000000,91960.250908,100712.754119,37798.125183,138745.832517
89,-0.009910,168067.010720,0.000000,91960.250908,100712.754119,80049.899283,138745.832517
90,-0.009840,167799.373861,0.000000,91960.250908,100712.754119,17602.633823,138745.832517
91,-0.009805,167664.786540,0.000000,91960.250908,100712.754119,-72008.839143,138745.832517
92,-0.009776,167555.539331,0.000000,91960.250908,100712.754119,38587.894403,138745.832517
93,-0.009680,167185.762279,0.000000,91960.250908,100712.754119,-142551.511168,138745.832517
94,-0.009607,166905.248994,0.000000,91960.250908,100712.754119,-120585.717255,138745.832517
95,-0.009563,166734.910714,0.000000,91960.250908,100712.754119,138412.712721,138745.832517
96,-0.009547,166672.158527,0.000000,91960.250908,100712.754119,-37770.245957,138745.832517
97,-0.009503,166502.202484,108819.271107,91960.250908,100712.754119,-33581.309260,138745.832517
98,-0.009502,166499.183992,0.000000,91960.250908,100712.754119,-28128.760431,138745.832517
99,-0.009476,166400.736815,0.000000,91960.250908,100712.754119,-13155.928954,138745.832517
100,-0.009365,165968.746970,0.000000,91960.250908,100712.754119,-117769.646047,138745.832517
101,-0.009313,165770.681014,0.000000,91960.250908,100712.754119,-58452.520008,138745.832517
102,-0.009260,165564.988374,0.000000,91960.250908,100712.754119,-53366.833170,138745.832517
103,-0.009228,165440.654221,0.000000,91960.250908,100712.754119,34212.146126,138745.832517
104,-0.009198,165321.119036,0.000000,91960.250908,100712.754119,11472.171271,138745.832517
105,-0.009184,165267.994637,108816.559125,91960.250908,100712.754119,-22201.466227,138745.832517
106,-0.009156,165158.835657,0.000000,91960.250908,100712.754119,-95822.920054,138745.832517
107,-0.009044,164723.042870,0.000000,91960.250908,100712.754119,-99442.152846,138745.832517
108,-0.008975,164454.501331,0.000000,91960.250908,100712.754119,-29606.111991,138745.832517
109,-0.008969,164430.156478,108814.729605,91960.250908,100712.754119,182012.477858,138745.832517
110,-0.008961,164397.712739,0.000000,91960.250908,100712.754119,18062.373452,138745.832517
111,-0.008961,164397.437884,0.000000,91960.250908,100712.754119,217374.820825,138745.832517
112,-0.008945,164335.271411,0.000000,91960.250908,100712.754119,19867.495408,138745.832517
113,-0.008852,163970.169420,0.000000,91960.250908,100712.754119,11230.608818,138745.832517
114,-0.008801,163770.479089,0.000000,91960.250908,100712.754119,-36754.388456,138745.832517
115,-0.008777,163678.639926,0.000000,91960.250908,100712.754119,-46020.852133,138745.832517
116,-0.008694,163350.155124,0.000000,91960.250908,100712.754119,16324.582471,138745.832517
117,-0.008683,163306.845227,0.000000,91960.250908,100712.754119,-54462.456266,138745.832517
118,-0.008631,163104.999637,0.000000,91960.250908,100712.754119,41171.036266,138745.832517
119,-0.008591,162946.791813,0.000000,91960.250908,100712.754119,70715.297647,138745.832517
120,-0.008569,162859.271426,0.000000,91960.250908,100712.754119,62076.201958,138745.832517
121,-0.008534,162719.714976,0.000000,91960.250908,100712.754119,118663.877353,138745.832517
122,-0.008482,162516.598969,0.000000,91960.250908,100712.754119,-102693.679507,138745.832517
123,-0.008462,162433.779452,108810.407759,91960.250908,100712.754119,6078.139664,138745.832517
124,-0.008454,162402.183386,0.000000,91960.250908,100712.754119,7158.497932,138745.832517
125,-0.008447,162377.404304,0.000000,91960.250908,100712.754119,67425.919689,138745.832517
126,-0.008408,162223.041533,0.000000,91960.250908,100712.754119,26581.865212,138745.832517
127,-0.008408,162221.073722,0.000000,91960.250908,100712.754119,64391.591801,138745.832517
128,-0.008403,162202.646728,0.000000,91960.250908,100712.754119,-107818.205268,138745.832517
129,-0.008369,162069.073583,0.000000,91960.250908,100712.754119,-46801.681586,138745.832517
130,-0.008360,162032.695862,0.000000,91960.250908,100712.754119,39005.113639,138745.832517
131,-0.008347,161982.055167,108809.437171,91960.250908,100712.754119,-38130.147739,138745.832517
132,-0.008343,161966.077833,0.000000,91960.250908,100712.754119,-127226.936798,138745.832517
133,-0.008296,161777.070409,0.000000,91960.250908,100712.754119,-25213.643042,138745.832517
134,-0.008258,161627.597069,0.000000,91960.250908,100712.754119,112255.697518,138745.832517
135,-0.008241,161559.076182,0.000000,91960.250908,100712.754119,14480.787056,138745.832517
136,-0.008143,161169.432338,0.000000,91960.250908,100712.754119,-117138.565964,138745.832517
137,-0.008049,160793.604240,0.000000,91960.250908,100712.754119,61139.379820,138745.832517
138,-0.007983,160527.559634,0.000000,91960.250908,100712.754119,-44393.526285,138745.832517
139,-0.007943,160369.030352,108805.993443,91960.250908,100712.754119,48472.860021,138745.832517
140,-0.007898,160190.488417,0.000000,91960.250908,100712.754119,-20407.698870,138745.832517
141,-0.007882,160124.150505,0.000000,91960.250908,100712.754119,-28187.944059,138745.832517
142,-0.007869,160072.855732,0.000000,91960.250908,100712.754119,16724.440465,138745.832517
143,-0.007862,160045.322851,0.000000,91960.250908,100712.754119,-48796.686455,138745.832517
144,-0.007799,159791.008102,0.000000,91960.250908,100712.754119,10736.707077,138745.832517
145,-0.007749,159589.815049,0.000000,91960.250908,100712.754119,-67883.267679,138745.832517
146,-0.007665,159250.941386,108803.626607,91960.250908,100712.754119,-12859.778610,138745.832517
147,-0.007652,159200.338807,0.000000,91960.250908,100712.754119,44998.083138,138745.832517
148,-0.007577,158893.588224,0.000000,91960.250908,100712.754119,-20934.557333,138745.832517
149,-0.007493,158556.297624,0.000000,91960.250908,100712.754119,112027.359077,138745.832517
150,-0.007461,158427.330426,0.000000,91960.250908,100712.754119,-4686.275077,138745.832517
151,-0.007453,158394.637030,0.000000,91960.250908,100712.754119,72752.154304,138745.832517
152,-0.007380,158095.452316,108801.198002,91960.250908,100712.754119,26189.568248,138745.832517
153,-0.007366,158040.502596,0.000000,91960.250908,100712.754119,6579.075835,138745.832517
154,-0.007310,157810.389337,0.000000,91960.250908,100712.754119,32412.883119,138745.832517
155,-0.007295,157752.311388,0.000000,91960.250908,100712.754119,18906.996507,138745.832517
156,-0.007250,157567.184189,0.000000,91960.250908,100712.754119,183825.140716,138745.832517
157,-0.007138,157110.854701,0.000000,91960.250908,100712.754119,18607.857509,138745.832517
158,-0.007086,156898.299423,0.000000,91960.250908,100712.754119,149799.078669,138745.832517
159,-0.007069,156826.698674,0.000000,91960.250908,100712.754119,-5463.826837,138745.832517
160,-0.007058,156783.845974,108798.462706,91960.250908,100712.754119,-95985.179980,138745.832517
161,-0.007045,156730.679783,0.000000,91960.250908,100712.754119,55811.018104,138745.832517
162,-0.007012,156593.125867,108798.066866,91960.250908,100712.754119,-36171.695286,138745.832517
163,-0.006989,156497.949177,0.000000,91960.250908,100712.754119,34778.216364,138745.832517
164,-0.006927,156243.813884,0.000000,91960.250908,100712.754119,57021.195979,138745.832517
165,-0.006925,156236.655652,0.000000,91960.250908,100712.754119,118743.890904,138745.832517
166,-0.006775,155618.362044,0.000000,91960.250908,100712.754119,-64902.210008,138745.832517
167,-0.006747,155499.806528,0.000000,91960.250908,100712.754119,-78327.159766,138745.832517
168,-0.006668,155175.854975,0.000000,91960.250908,100712.754119,-78931.693166,138745.832517
169,-0.006605,154914.450329,0.000000,91960.250908,100712.754119,-25304.885799,138745.832517
170,-0.006535,154622.728645,0.000000,91960.250908,100712.754119,89427.946507,138745.832517
171,-0.006510,154518.354927,0.000000,91960.250908,100712.754119,-58591.244651,138745.832517
172,-0.006504,154492.290564,0.000000,91960.250908,100712.754119,44902.217149,138745.832517
173,-0.006493,154448.932472,0.000000,91960.250908,100712.754119,-48246.506230,138745.832517
174,-0.006478,154385.755403,0.000000,91960.250908,100712.754119,8182.214005,138745.832517
175,-0.006468,154344.820947,0.000000,91960.250908,100712.754119,-95438.264455,138745.832517
176,-0.006449,154263.285750,0.000000,91960.250908,100712.754119,-4299.193022,138745.832517
177,-0.006427,154173.926435,0.000000,91960.250908,100712.754119,103685.602367,138745.832517
178,-0.006424,154161.958332,0.000000,91960.250908,100712.754119,-67085.739072,138745.832517
179,-0.006373,153949.943634,0.000000,91960.250908,100712.754119,-90117.151436,138745.832517
180,-0.006359,153887.829233,0.000000,91960.250908,100712.754119,-15806.353930,138745.832517
181,-0.006326,153753.779370,0.000000,91960.250908,100712.754119,-5647.494605,138745.832517
182,-0.006267,153504.302023,0.000000,91960.250908,100712.754119,50062.676181,138745.832517
183,-0.006243,153406.310336,0.000000,91960.250908,100712.754119,-67063.991272,138745.832517
184,-0.006235,153371.583390,0.000000,91960.250908,100712.754119,-41010.724410,138745.832517
185,-0.006233,153360.713120,0.000000,91960.250908,100712.754119,-2884.883692,138745.832517
186,-0.006225,153328.619871,0.000000,91960.250908,100712.754119,-100942.904638,138745.832517
187,-0.006217,153295.282732,0.000000,91960.250908,100712.754119,-86806.682682,138745.832517
188,-0.006213,153280.447578,0.000000,91960.250908,100712.754119,-91584.392369,138745.832517
189,-0.006186,153167.580119,0.000000,91960.250908,100712.754119,-49883.859339,138745.832517
190,-0.006179,153137.877703,0.000000,91960.250908,100712.754119,59502.906842,138745.832517
191,-0.006152,153020.818928,0.000000,91960.250908,100712.754119,99467.518057,138745.832517
192,-0.006127,152918.164795,0.000000,91960.250908,100712.754119,106186.274825,138745.832517
193,-0.006088,152752.847069,0.000000,91960.250908,100712.754119,-130324.721777,138745.832517
194,-0.006081,152722.650067,108790.137803,91960.250908,100712.754119,-100701.412149,138745.832517
195,-0.006072,152684.754999,0.000000,91960.250908,100712.754119,82803.985510,138745.832517
196,-0.006055,152615.441335,0.000000,91960.250908,100712.754119,-40383.948198,138745.832517
197,-0.006054,152610.050431,108789.910102,91960.250908,100712.754119,-9407.238987,138745.832517
198,-0.006034,152527.684063,0.000000,91960.250908,100712.754119,-89521.077750,138745.832517
199,-0.005961,152220.292583,0.000000,91960.250908,100712.754119,72691.872508,138745.832517
200,-0.005941,152132.877329,0.000000,91960.250908,100712.754119,16135.678337,138745.832517
201,-0.005921,152050.858868,0.000000,91960.250908,100712.754119,-68635.753068,138745.832517
202,-0.005836,151689.088001,0.000000,91960.250908,100712.754119,-119812.384519,138745.832517
203,-0.005832,151673.887821,108788.023481,91960.250908,100712.754119,69428.036780,138745.832517
204,-0.005805,151557.877232,0.000000,91960.250908,100712.754119,-131425.577018,138745.832517
205,-0.005790,151496.455233,0.000000,91960.250908,100712.754119,36281.167290,138745.832517
206,-0.005790,151494.736164,0.000000,91960.250908,100712.754119,83608.643851,138745.832517
207,-0.005733,151252.029080,0.000000,91960.250908,100712.754119,58501.886963,138745.832517
208,-0.005729,151233.763606,0.000000,91960.250908,100712.754119,140927.493302,138745.832517
209,-0.005647,150886.418846,0.000000,91960.250908,100712.754119,-59795.415600,138745.832517
210,-0.005593,150658.445090,108785.990217,91960.250908,100712.754119,-19313.092979,138745.832517
211,-0.005581,150607.004488,0.000000,91960.250908,100712.754119,-36892.720547,138745.832517
212,-0.005568,150550.273832,0.000000,91960.250908,100712.754119,52039.589495,138745.832517
213,-0.005514,150319.790588,108785.315152,91960.250908,100712.754119,37834.071018,138745.832517
214,-0.005513,150315.321450,0.000000,91960.250908,100712.754119,-41276.108470,138745.832517
215,-0.005474,150147.956399,0.000000,91960.250908,100712.754119,-19544.361210,138745.832517
216,-0.005347,149604.291319,0.000000,91960.250908,100712.754119,64564.781774,138745.832517
217,-0.005243,149155.365799,0.000000,91960.250908,100712.754119,-15902.472069,138745.832517
218,-0.005239,149137.093625,0.000000,91960.250908,100712.754119,32347.363337,138745.832517
219,-0.005074,148424.083165,0.000000,91960.250908,100712.754119,-164105.891973,138745.832517
220,-0.005046,148306.591346,0.000000,91960.250908,100712.754119,-20130.159384,138745.832517
221,-0.005037,148264.014881,0.000000,91960.250908,100712.754119,19418.486567,138745.832517
222,-0.005004,148120.913859,0.000000,91960.250908,100712.754119,-36589.682413,138745.832517
223,-0.004989,148055.262488,0.000000,91960.250908,100712.754119,-103745.867987,138745.832517
224,-0.004985,148037.964909,0.000000,91960.250908,100712.754119,129164.847049,138745.832517
225,-0.004939,147838.474198,0.000000,91960.250908,100712.754119,13981.335160,138745.832517
226,-0.004838,147398.472756,0.000000,91960.250908,100712.754119,-3723.929822,138745.832517
227,-0.004730,146926.524610,0.000000,91960.250908,100712.754119,-1546.077938,138745.832517
228,-0.004708,146832.856506,108778.452754,91960.250908,100712.754119,-38128.801018,138745.832517
229,-0.004685,146733.201930,0.000000,91960.250908,100712.754119,-53343.342985,138745.832517
230,-0.004614,146421.951300,0.000000,91960.250908,100712.754119,-14174.564736,138745.832517
231,-0.004597,146347.934277,0.000000,91960.250908,100712.754119,-19666.747742,138745.832517
232,-0.004515,145986.707528,0.000000,91960.250908,100712.754119,77996.804524,138745.832517
233,-0.004342,145221.712450,0.000000,91960.250908,100712.754119,13758.451532,138745.832517
234,-0.004334,145186.795973,0.000000,91960.250908,100712.754119,-80943.492678,138745.832517
235,-0.004324,145141.183753,0.000000,91960.250908,100712.754119,66028.192964,138745.832517
236,-0.004318,145114.804704,0.000000,91960.250908,100712.754119,-26074.911701,138745.832517
237,-0.004318,145114.737915,0.000000,91960.250908,100712.754119,-57744.478726,138745.832517
238,-0.004308,145070.483053,0.000000,91960.250908,100712.754119,2052.090794,138745.832517
239,-0.004266,144883.075134,0.000000,91960.250908,100712.754119,-13977.636046,138745.832517
240,-0.004196,144572.184622,0.000000,91960.250908,100712.754119,-90663.794849,138745.832517
241,-0.004175,144480.236584,0.000000,91960.250908,100712.754119,66183.464960,138745.832517
242,-0.004053,143937.066450,0.000000,91960.250908,100712.754119,85641.715223,138745.832517
243,-0.004035,143857.449393,0.000000,91960.250908,100712.754119,-63065.776618,138745.832517
244,-0.004025,143811.560540,0.000000,91960.250908,100712.754119,-77371.536326,138745.832517
245,-0.004023,143802.636184,0.000000,91960.250908,100712.754119,38544.622273,138745.832517
246,-0.004015,143767.249791,0.000000,91960.250908,100712.754119,59014.784423,138745.832517
247,-0.003893,143218.477307,0.000000,91960.250908,100712.754119,-13771.300567,138745.832517
248,-0.003843,142995.115375,0.000000,91960.250908,100712.754119,-18862.183463,138745.832517
249,-0.003800,142801.525616,108770.719730,91960.250908,100712.754119,-28056.845573,138745.832517
250,-0.003740,142532.061702,0.000000,91960.250908,100712.754119,-6725.143560,138745.832517
251,-0.003714,142415.388283,0.000000,91960.250908,100712.754119,-66939.243717,138745.832517
252,-0.003689,142299.865008,0.000000,91960.250908,100712.754119,-67679.190527,138745.832517
253,-0.003595,141877.234856,108768.977067,91960.250908,100712.754119,-34428.114504,138745.832517
254,-0.003504,141464.249774,0.000000,91960.250908,100712.754119,-128150.996579,138745.832517
255,-0.003481,141360.042459,0.000000,91960.250908,100712.754119,42694.552627,138745.832517
256,-0.003476,141337.664575,0.000000,91960.250908,100712.754119,117876.918325,138745.832517
257,-0.003451,141220.945458,0.000000,91960.250908,100712.754119,-109635.560807,138745.832517
258,-0.003431,141131.273230,0.000000,91960.250908,100712.754119,22635.746027,138745.832517
259,-0.003399,140987.700695,0.000000,91960.250908,100712.754119,33153.251438,138745.832517
260,-0.003358,140800.646870,108766.961531,91960.250908,100712.754119,-21833.254665,138745.832517
261,-0.003339,140713.662566,0.000000,91960.250908,100712.754119,31638.745519,138745.832517
262,-0.003318,140615.676396,0.000000,91960.250908,100712.754119,40723.386926,138745.832517
263,-0.003307,140565.870657,0.000000,91960.250908,100712.754119,-57728.977403,138745.832517
264,-0.003290,140489.643016,108766.382143,91960.250908,100712.754119,-153940.820587,138745.832517
265,-0.003228,140206.026008,0.000000,91960.250908,100712.754119,76709.186442,138745.832517
266,-0.003153,139859.392264,0.000000,91960.250908,100712.754119,-56046.481782,138745.832517
267,-0.003134,139774.829397,0.000000,91960.250908,100712.754119,41597.395373,138745.832517
268,-0.003132,139762.087977,0.000000,91960.250908,100712.754119,-103009.304833,138745.832517
269,-0.003083,139536.596358,108764.614634,91960.250908,100712.754119,-10971.724039,138745.832517
270,-0.003026,139273.059145,0.000000,91960.250908,100712.754119,119309.215903,138745.832517
271,-0.003014,139221.838077,0.000000,91960.250908,100712.754119,-40623.414630,138745.832517
272,-0.002999,139151.751327,0.000000,91960.250908,100712.754119,-71774.889807,138745.832517
273,-0.002997,139141.137130,0.000000,91960.250908,100712.754119,86973.949750,138745.832517
274,-0.002992,139118.409560,0.000000,91960.250908,100712.754119,34138.235610,138745.832517
275,-0.002985,139086.952025,0.000000,91960.250908,100712.754119,23343.382607,138745.832517
276,-0.002964,138986.682114,0.000000,91960.250908,100712.754119,-73203.133257,138745.832517
277,-0.002951,138928.529041,0.000000,91960.250908,100712.754119,56714.598130,138745.832517
278,-0.002949,138917.561307,0.000000,91960.250908,100712.754119,-15968.454334,138745.832517
279,-0.002947,138910.987156,108763.460929,91960.250908,100712.754119,-11020.021590,138745.832517
280,-0.002836,138395.041753,0.000000,91960.250908,100712.754119,-12288.636968,138745.832517
281,-0.002789,138177.863716,0.000000,91960.250908,100712.754119,-3228.353076,138745.832517
282,-0.002774,138109.344563,0.000000,91960.250908,100712.754119,-2659.109044,138745.832517
283,-0.002750,137996.672226,0.000000,91960.250908,100712.754119,-34448.491593,138745.832517
284,-0.002730,137900.697563,0.000000,91960.250908,100712.754119,2287.292862,138745.832517
285,-0.002684,137690.053547,0.000000,91960.250908,100712.754119,17512.565983,138745.832517
286,-0.002677,137654.267900,0.000000,91960.250908,100712.754119,-123042.818815,138745.832517
287,-0.002614,137362.062788,0.000000,91960.250908,100712.754119,18727.918477,138745.832517
288,-0.002576,137183.586637,0.000000,91960.250908,100712.754119,-60184.676152,138745.832517
289,-0.002500,136826.955139,0.000000,91960.250908,100712.754119,-23608.858046,138745.832517
290,-0.002485,136757.076430,0.000000,91960.250908,100712.754119,21575.203528,138745.832517
291,-0.002461,136642.158069,0.000000,91960.250908,100712.754119,-24129.183827,138745.832517
292,-0.002350,136121.333622,0.000000,91960.250908,100712.754119,-86881.671479,138745.832517
293,-0.002344,136089.813152,0.000000,91960.250908,100712.754119,13760.920198,138745.832517
294,-0.002288,135829.178540,0.000000,91960.250908,100712.754119,67922.760399,138745.832517
295,-0.002284,135807.815238,108757.814918,91960.250908,100712.754119,72260.999854,138745.832517
296,-0.002282,135797.036562,108757.795529,91960.250908,100712.754119,72954.385057,138745.832517
297,-0.002255,135671.413176,0.000000,91960.250908,100712.754119,46261.242885,138745.832517
298,-0.002202,135417.978808,0.000000,91960.250908,100712.754119,-24622.653228,138745.832517
299,-0.002128,135066.874293,0.000000,91960.250908,100712.754119,50870.359199,138745.832517
300,-0.002025,134577.000871,0.000000,91960.250908,100712.754119,8645.635135,138745.832517
301,-0.002022,134563.078744,0.000000,91960.250908,100712.754119,22387.050144,138745.832517
302,-0.002014,134524.760105,0.000000,91960.250908,100712.754119,5997.976721,138745.832517
303,-0.002003,134470.615521,0.000000,91960.250908,100712.754119,-46627.312650,138745.832517
304,-0.001975,134339.155164,0.000000,91960.250908,100712.754119,40687.349553,138745.832517
305,-0.001917,134062.259993,108754.695060,91960.250908,100712.754119,32618.108002,138745.832517
306,-0.001885,133906.004056,0.000000,91960.250908,100712.754119,24714.682646,138745.832517
307,-0.001831,133645.248527,108753.955702,91960.250908,100712.754119,-48968.946989,138745.832517
308,-0.001815,133571.911543,0.000000,91960.250908,100712.754119,107609.038803,138745.832517
309,-0.001711,133068.690302,0.000000,91960.250908,100712.754119,29385.141158,138745.832517
310,-0.001696,132997.771125,0.000000,91960.250908,100712.754119,-38198.251352,138745.832517
311,-0.001690,132966.089373,0.000000,91960.250908,100712.754119,-31817.597127,138745.832517
312,-0.001674,132888.514703,108752.619903,91960.250908,100712.754119,76262.201034,138745.832517
313,-0.001658,132810.579055,0.000000,91960.250908,100712.754119,32659.707742,138745.832517
314,-0.001629,132670.081272,0.000000,91960.250908,100712.754119,48095.740428,138745.832517
315,-0.001573,132402.677233,0.000000,91960.250908,100712.754119,-11875.753388,138745.832517
316,-0.001551,132291.274416,0.000000,91960.250908,100712.754119,25950.522316,138745.832517
317,-0.001548,132278.402630,0.000000,91960.250908,100712.754119,-31685.548641,138745.832517
318,-0.001509,132090.147026,0.000000,91960.250908,100712.754119,37000.139385,138745.832517
319,-0.001480,131950.430917,0.000000,91960.250908,100712.754119,91580.628032,138745.832517
320,-0.001407,131590.383283,0.000000,91960.250908,100712.754119,-6275.411404,138745.832517
321,-0.001365,131388.470043,0.000000,91960.250908,100712.754119,-16827.876145,138745.832517
322,-0.001316,131144.829166,0.000000,91960.250908,100712.754119,9747.536277,138745.832517
323,-0.001292,131030.203534,0.000000,91960.250908,100712.754119,-27024.056225,138745.832517
324,-0.001275,130945.251503,0.000000,91960.250908,100712.754119,-41325.811355,138745.832517
325,-0.001270,130922.203984,0.000000,91960.250908,100712.754119,-41890.905545,138745.832517
326,-0.001227,130709.779696,0.000000,91960.250908,100712.754119,36563.483723,138745.832517
327,-0.001202,130584.573551,108748.599656,91960.250908,100712.754119,21852.087181,138745.832517
328,-0.001188,130518.534307,0.000000,91960.250908,100712.754119,-15669.079174,138745.832517
329,-0.001178,130467.260668,0.000000,91960.250908,100712.754119,-1777.176826,138745.832517
330,-0.001148,130319.640902,0.000000,91960.250908,100712.754119,12191.656257,138745.832517
331,-0.001141,130285.788597,108748.083444,91960.250908,100712.754119,-70795.835069,138745.832517
332,-0.001057,129872.470703,0.000000,91960.250908,100712.754119,-23018.581080,138745.832517
333,-0.001020,129689.779894,0.000000,91960.250908,100712.754119,5742.037267,138745.832517
334,-0.000947,129324.069362,0.000000,91960.250908,100712.754119,91927.697029,138745.832517
335,-0.000939,129284.415735,0.000000,91960.250908,100712.754119,36115.502991,138745.832517
336,-0.000920,129191.358026,0.000000,91960.250908,100712.754119,-16926.288715,138745.832517
337,-0.000903,129108.137940,0.000000,91960.250908,100712.754119,-19975.522946,138745.832517
338,-0.000896,129073.339189,0.000000,91960.250908,100712.754119,-10118.411438,138745.832517
339,-0.000865,128918.257711,0.000000,91960.250908,100712.754119,-2763.341788,138745.832517
340,-0.000863,128908.741137,0.000000,91960.250908,100712.754119,20324.860287,138745.832517
341,-0.000842,128803.626040,0.000000,91960.250908,100712.754119,29160.643701,138745.832517
342,-0.000831,128749.287284,0.000000,91960.250908,100712.754119,-48208.129956,138745.832517
343,-0.000787,128530.227607,0.000000,91960.250908,100712.754119,-95146.196524,138745.832517
344,-0.000782,128505.521436,0.000000,91960.250908,100712.754119,20811.618983,138745.832517
345,-0.000764,128414.862983,0.000000,91960.250908,100712.754119,-7096.866313,138745.832517
346,-0.000735,128267.745546,108744.627832,91960.250908,100712.754119,20146.403444,138745.832517
347,-0.000724,128214.109471,0.000000,91960.250908,100712.754119,-33972.957391,138745.832517
348,-0.000712,128152.515901,0.000000,91960.250908,100712.754119,-32021.073629,138745.832517
349,-0.000684,128012.127796,108744.193972,91960.250908,100712.754119,108496.197636,138745.832517
350,-0.000654,127859.618845,0.000000,91960.250908,100712.754119,27001.661090,138745.832517
351,-0.000643,127804.912723,0.000000,91960.250908,100712.754119,-56234.198242,138745.832517
352,-0.000640,127789.438640,0.000000,91960.250908,100712.754119,32925.082265,138745.832517
353,-0.000602,127602.059522,0.000000,91960.250908,100712.754119,-2360.299603,138745.832517
354,-0.000601,127592.953237,0.000000,91960.250908,100712.754119,-2926.070876,138745.832517
355,-0.000589,127534.738595,0.000000,91960.250908,100712.754119,-22623.282128,138745.832517
356,-0.000580,127491.065059,0.000000,91960.250908,100712.754119,-76637.804162,138745.832517
357,-0.000550,127339.711606,0.000000,91960.250908,100712.754119,14265.866906,138745.832517
358,-0.000518,127174.896779,0.000000,91960.250908,100712.754119,9286.414527,138745.832517
359,-0.000503,127100.251963,108742.653298,91960.250908,100712.754119,59331.822293,138745.832517
360,-0.000482,126993.957907,0.000000,91960.250908,100712.754119,-51144.696805,138745.832517
361,-0.000444,126799.826899,0.000000,91960.250908,100712.754119,-35252.834733,138745.832517
362,-0.000431,126732.975750,0.000000,91960.250908,100712.754119,-36117.960090,138745.832517
363,-0.000425,126706.399678,0.000000,91960.250908,100712.754119,-3996.735794,138745.832517
364,-0.000411,126631.869681,0.000000,91960.250908,100712.754119,-25468.473638,138745.832517
365,-0.000396,126559.429254,0.000000,91960.250908,100712.754119,-45230.354276,138745.832517
366,-0.000384,126498.167023,0.000000,91960.250908,100712.754119,8898.748640,138745.832517
367,-0.000347,126309.804170,0.000000,91960.250908,100712.754119,29942.949454,138745.832517
368,-0.000313,126134.241737,0.000000,91960.250908,100712.754119,45660.239190,138745.832517
369,-0.000277,125949.730725,108740.725135,91960.250908,100712.754119,-36753.258791,138745.832517
370,-0.000235,125735.714571,0.000000,91960.250908,100712.754119,30303.044877,138745.832517
371,-0.000234,125730.036982,0.000000,91960.250908,100712.754119,-12167.582472,138745.832517
372,-0.000202,125570.973688,0.000000,91960.250908,100712.754119,26587.715832,138745.832517
373,-0.000186,125485.093074,0.000000,91960.250908,100712.754119,-50801.964874,138745.832517
374,-0.000175,125430.209262,0.000000,91960.250908,100712.754119,-13854.086661,138745.832517
375,-0.000150,125302.392469,0.000000,91960.250908,100712.754119,-1207.847467,138745.832517
376,-0.000149,125297.050231,0.000000,91960.250908,100712.754119,9726.357184,138745.832517
377,-0.000116,125125.545720,0.000000,91960.250908,100712.754119,-81105.128311,138745.832517
378,-0.000095,125019.179578,0.000000,91960.250908,100712.754119,-13329.111098,138745.832517
379,-0.000056,124816.861253,0.000000,91960.250908,100712.754119,-19215.860079,138745.832517
380,-0.000002,124538.575087,0.000000,91960.250908,100712.754119,-32986.495633,138745.832517
381,0.000026,124394.109151,0.000000,91960.250908,100712.754119,-48554.674992,138745.832517
382,0.000060,124222.935971,0.000000,91960.250908,100712.754119,-57708.056524,138745.832517
383,0.000101,124006.384774,0.000000,91960.250908,100712.754119,-6914.386374,138745.832517
384,0.000108,123969.463575,0.000000,91960.250908,100712.754119,19128.456077,138745.832517
385,0.000168,123660.368313,0.000000,91960.250908,100712.754119,24493.460663,138745.832517
386,0.000192,123535.169078,0.000000,91960.250908,100712.754119,42277.688653,138745.832517
387,0.000197,123509.026248,0.000000,91960.250908,100712.754119,-53629.914256,138745.832517
388,0.000204,123470.865514,0.000000,91960.250908,100712.754119,31566.018345,138745.832517
389,0.000234,123316.580556,0.000000,91960.250908,100712.754119,15963.044188,138745.832517
390,0.000276,123099.215432,0.000000,91960.250908,100712.754119,11908.738994,138745.832517
391,0.000279,123081.526464,0.000000,91960.250908,100712.754119,-22023.907069,138745.832517
392,0.000292,123014.992859,0.000000,91960.250908,100712.754119,83930.183450,138745.832517
393,0.000337,122777.035135,0.000000,91960.250908,100712.754119,25521.602682,138745.832517
394,0.000399,122456.333803,0.000000,91960.250908,100712.754119,13819.801571,138745.832517
395,0.000411,122392.417239,0.000000,91960.250908,100712.754119,56469.293086,138745.832517
396,0.000422,122332.292468,0.000000,91960.250908,100712.754119,38039.161909,138745.832517
397,0.000430,122293.188253,0.000000,91960.250908,100712.754119,28148.253512,138745.832517
398,0.000461,122125.729932,0.000000,91960.250908,100712.754119,-1218.234496,138745.832517
399,0.000476,122047.355828,0.000000,91960.250908,100712.754119,-29575.182752,138745.832517
400,0.000478,122036.034613,0.000000,91960.250908,100712.754119,94069.242188,138745.832517
401,0.000492,121962.213182,0.000000,91960.250908,100712.754119,43076.568448,138745.832517
402,0.000500,121921.544499,0.000000,91960.250908,100712.754119,12787.442512,138745.832517
403,0.000510,121868.197790,0.000000,91960.250908,100712.754119,14043.038868,138745.832517
404,0.000561,121600.847617,0.000000,91960.250908,100712.754119,-67396.320020,138745.832517
405,0.000578,121513.021288,0.000000,91960.250908,100712.754119,32401.850542,138745.832517
406,0.000597,121408.663187,0.000000,91960.250908,100712.754119,-24303.555918,138745.832517
407,0.000625,121260.421806,0.000000,91960.250908,100712.754119,10214.043138,138745.832517
408,0.000626,121258.743020,0.000000,91960.250908,100712.754119,11099.057330,138745.832517
409,0.000639,121189.809261,0.000000,91960.250908,100712.754119,-50513.609335,138745.832517
410,0.000656,121095.578208,0.000000,91960.250908,100712.754119,21328.927531,138745.832517
411,0.000657,121091.412125,0.000000,91960.250908,100712.754119,-9674.804127,138745.832517
412,0.000667,121039.301553,108732.692853,91960.250908,100712.754119,40755.842601,138745.832517
413,0.000707,120825.345382,0.000000,91960.250908,100712.754119,42332.648235,138745.832517
414,0.000714,120787.721754,0.000000,91960.250908,100712.754119,-40679.709989,138745.832517
415,0.000728,120712.566558,0.000000,91960.250908,100712.754119,19896.385063,138745.832517
416,0.000764,120520.425647,0.000000,91960.250908,100712.754119,36892.756630,138745.832517
417,0.000768,120502.114144,0.000000,91960.250908,100712.754119,1890.149390,138745.832517
418,0.000778,120450.323263,0.000000,91960.250908,100712.754119,-28811.493811,138745.832517
419,0.000953,119509.238726,0.000000,91960.250908,100712.754119,15311.118313,138745.832517
420,0.000974,119398.018077,0.000000,91960.250908,100712.754119,-9393.622306,138745.832517
421,0.000999,119265.310640,0.000000,91960.250908,100712.754119,64470.228504,138745.832517
422,0.001001,119254.821073,0.000000,91960.250908,100712.754119,-7558.719946,138745.832517
423,0.001002,119249.486849,0.000000,91960.250908,100712.754119,14859.566924,138745.832517
424,0.001011,119198.240383,0.000000,91960.250908,100712.754119,-23795.608042,138745.832517
425,0.001057,118948.932691,0.000000,91960.250908,100712.754119,-38455.075110,138745.832517
426,0.001096,118741.751658,108729.044304,91960.250908,100712.754119,35550.321500,138745.832517
427,0.001110,118665.119445,0.000000,91960.250908,100712.754119,-48148.814852,138745.832517
428,0.001166,118361.738590,0.000000,91960.250908,100712.754119,-727.808933,138745.832517
429,0.001198,118183.105139,0.000000,91960.250908,100712.754119,-39167.297986,138745.832517
430,0.001199,118177.684625,0.000000,91960.250908,100712.754119,31659.755487,138745.832517
431,0.001229,118019.106092,0.000000,91960.250908,100712.754119,49303.304518,138745.832517
432,0.001258,117859.310314,0.000000,91960.250908,100712.754119,13957.900802,138745.832517
433,0.001264,117827.117577,0.000000,91960.250908,100712.754119,8079.409825,138745.832517
434,0.001284,117715.349812,0.000000,91960.250908,100712.754119,47349.046515,138745.832517
435,0.001369,117251.924600,0.000000,91960.250908,100712.754119,40461.016932,138745.832517
436,0.001401,117074.678722,0.000000,91960.250908,100712.754119,118.275770,138745.832517
437,0.001410,117026.498271,0.000000,91960.250908,100712.754119,-9507.442906,138745.832517
438,0.001477,116659.323672,0.000000,91960.250908,100712.754119,5871.038342,138745.832517
439,0.001481,116636.984348,0.000000,91960.250908,100712.754119,26799.935109,138745.832517
440,0.001532,116354.019707,0.000000,91960.250908,100712.754119,85261.234082,138745.832517
441,0.001543,116295.696002,0.000000,91960.250908,100712.754119,22075.270693,138745.832517
442,0.001560,116199.343188,0.000000,91960.250908,100712.754119,15254.437425,138745.832517
443,0.001634,115791.970994,0.000000,91960.250908,100712.754119,61191.974908,138745.832517
444,0.001661,115641.819345,0.000000,91960.250908,100712.754119,51303.207848,138745.832517
445,0.001711,115360.509578,108723.802012,91960.250908,100712.754119,-7108.289724,138745.832517
446,0.001738,115211.322110,0.000000,91960.250908,100712.754119,-6250.190376,138745.832517
447,0.001756,115110.930668,0.000000,91960.250908,100712.754119,-8896.894606,138745.832517
448,0.001756,115109.343217,0.000000,91960.250908,100712.754119,-91362.021238,138745.832517
449,0.001768,115045.036302,0.000000,91960.250908,100712.754119,-36111.515227,138745.832517
450,0.001777,114996.240955,0.000000,91960.250908,100712.754119,43221.277904,138745.832517
451,0.001795,114893.469338,0.000000,91960.250908,100712.754119,4126.266967,138745.832517
452,0.001828,114710.381158,0.000000,91960.250908,100712.754119,-40645.366038,138745.832517
453,0.001831,114690.581087,0.000000,91960.250908,100712.754119,-305.529717,138745.832517
454,0.001840,114641.119158,0.000000,91960.250908,100712.754119,-42087.731199,138745.832517
455,0.001846,114605.114412,0.000000,91960.250908,100712.754119,-6445.604977,138745.832517
456,0.001884,114396.237846,0.000000,91960.250908,100712.754119,-23526.149887,138745.832517
457,0.001916,114214.148991,0.000000,91960.250908,100712.754119,31515.415637,138745.832517
458,0.001919,114199.733166,0.000000,91960.250908,100712.754119,-63984.049681,138745.832517
459,0.001978,113864.630971,0.000000,91960.250908,100712.754119,6243.567279,138745.832517
460,0.002004,113718.426646,0.000000,91960.250908,100712.754119,127458.570668,138745.832517
461,0.002005,113712.848887,0.000000,91960.250908,100712.754119,-30649.630932,138745.832517
462,0.002022,113613.926721,108721.153423,91960.250908,100712.754119,28669.046075,138745.832517
463,0.002051,113449.164254,0.000000,91960.250908,100712.754119,-48956.665943,138745.832517
464,0.002085,113261.614541,0.000000,91960.250908,100712.754119,7897.228491,138745.832517
465,0.002086,113251.680881,108720.609159,91960.250908,100712.754119,-2845.077298,138745.832517
466,0.002099,113178.955855,0.000000,91960.250908,100712.754119,-39597.999250,138745.832517
467,0.002106,113141.802669,0.000000,91960.250908,100712.754119,1063.614328,138745.832517
468,0.002113,113102.177661,0.000000,91960.250908,100712.754119,-6595.246800,138745.832517
469,0.002167,112791.715332,108719.920578,91960.250908,100712.754119,-24035.781373,138745.832517
470,0.002195,112635.501168,0.000000,91960.250908,100712.754119,13433.070015,138745.832517
471,0.002221,112486.143162,0.000000,91960.250908,100712.754119,22306.857310,138745.832517
472,0.002221,112485.220473,0.000000,91960.250908,100712.754119,28526.384087,138745.832517
473,0.002231,112427.551894,0.000000,91960.250908,100712.754119,23682.250369,138745.832517
474,0.002260,112263.082324,0.000000,91960.250908,100712.754119,57089.171372,138745.832517
475,0.002282,112137.204748,108718.945589,91960.250908,100712.754119,-11986.721217,138745.832517
476,0.002358,111697.231091,0.000000,91960.250908,100712.754119,-29983.105549,138745.832517
477,0.002361,111680.766184,0.000000,91960.250908,100712.754119,-7515.587329,138745.832517
478,0.002390,111512.826723,0.000000,91960.250908,100712.754119,-4616.160320,138745.832517
479,0.002393,111500.499650,0.000000,91960.250908,100712.754119,-22873.665307,138745.832517
480,0.002442,111213.787209,0.000000,91960.250908,100712.754119,-56215.258913,138745.832517
481,0.002491,110933.356203,0.000000,91960.250908,100712.754119,27205.543977,138745.832517
482,0.002493,110920.906669,0.000000,91960.250908,100712.754119,-7471.542294,138745.832517
483,0.002500,110879.901310,108717.088573,91960.250908,100712.754119,-18457.106785,138745.832517
484,0.002505,110852.676378,0.000000,91960.250908,100712.754119,-17517.778661,138745.832517
485,0.002517,110780.473473,0.000000,91960.250908,100712.754119,-5211.582561,138745.832517
486,0.002517,110778.276791,0.000000,91960.250908,100712.754119,33952.778426,138745.832517
487,0.002581,110409.169300,0.000000,91960.250908,100712.754119,42347.574551,138745.832517
488,0.002590,110357.041739,0.000000,91960.250908,100712.754119,-16427.927120,138745.832517
489,0.002598,110309.939123,0.000000,91960.250908,100712.754119,18951.380272,138745.832517
490,0.002650,110006.406433,0.000000,91960.250908,100712.754119,-46540.709416,138745.832517
491,0.002655,109976.557217,0.000000,91960.250908,100712.754119,79334.883294,138745.832517
492,0.002700,109712.231021,108715.382699,91960.250908,100712.754119,62065.369780,138745.832517
493,0.002774,109278.957358,108714.754314,91960.250908,100712.754119,38408.376266,138745.832517
494,0.002780,109241.643769,0.000000,91960.250908,100712.754119,-77132.622102,138745.832517
495,0.002784,109220.067812,0.000000,91960.250908,100712.754119,27336.818006,138745.832517
496,0.002827,108969.485411,0.000000,91960.250908,100712.754119,6930.673973,138745.832517
497,0.002832,108939.537049,0.000000,91960.250908,100712.754119,27695.104294,138745.832517
498,0.002849,108839.732542,108714.119837,91960.250908,100712.754119,-1301.058643,138745.832517
499,0.002873,108694.024988,0.000000,91960.250908,100712.754119,-22088.517204,138745.832517
500,0.002889,108601.171106,0.000000,91960.250908,100712.754119,60116.380717,138745.832517
501,0.002906,108499.400162,0.000000,91960.250908,100712.754119,-36578.532986,138745.832517
502,0.002927,108374.807876,0.000000,91960.250908,100712.754119,4000.607055,138745.832517
503,0.003017,107838.440426,108712.682984,91960.250908,100712.754119,1084.366877,138745.832517
504,0.003034,107737.896366,0.000000,91960.250908,100712.754119,-6220.821599,138745.832517
505,0.003075,107492.437664,0.000000,91960.250908,100712.754119,20205.568247,138745.832517
506,0.003089,107410.296628,0.000000,91960.250908,100712.754119,76510.050986,138745.832517
507,0.003116,107247.083762,0.000000,91960.250908,100712.754119,-21403.362263,138745.832517
508,0.003123,107205.732031,0.000000,91960.250908,100712.754119,-20264.084098,138745.832517
509,0.003175,106893.730234,0.000000,91960.250908,100712.754119,-58848.614820,138745.832517
510,0.003231,106558.206405,0.000000,91960.250908,100712.754119,-27196.711390,138745.832517
511,0.003246,106469.994311,0.000000,91960.250908,100712.754119,14371.962221,138745.832517
512,0.003283,106241.101631,0.000000,91960.250908,100712.754119,25951.921217,138745.832517
513,0.003341,105893.939229,0.000000,91960.250908,100712.754119,7939.015998,138745.832517
514,0.003347,105857.105206,108709.878913,91960.250908,100712.754119,-27280.166145,138745.832517
515,0.003368,105726.103653,0.000000,91960.250908,100712.754119,49031.234605,138745.832517
516,0.003376,105677.522079,108709.627329,91960.250908,100712.754119,-18144.380932,138745.832517
517,0.003431,105342.705387,0.000000,91960.250908,100712.754119,-7036.525421,138745.832517
518,0.003439,105297.930606,0.000000,91960.250908,100712.754119,-11422.019240,138745.832517
519,0.003455,105196.300187,0.000000,91960.250908,100712.754119,-5115.997340,138745.832517
520,0.003467,105123.274466,108708.853560,91960.250908,100712.754119,-16763.126118,138745.832517
521,0.003501,104918.704199,0.000000,91960.250908,100712.754119,27875.039691,138745.832517
522,0.003501,104918.268884,0.000000,91960.250908,100712.754119,-27595.630011,138745.832517
523,0.003537,104696.501627,0.000000,91960.250908,100712.754119,16477.679566,138745.832517
524,0.003549,104619.787514,0.000000,91960.250908,100712.754119,-3091.918747,138745.832517
525,0.003564,104531.797115,0.000000,91960.250908,100712.754119,44003.498774,138745.832517
526,0.003604,104281.210252,0.000000,91960.250908,100712.754119,-2128.591646,138745.832517
527,0.003690,103750.284792,0.000000,91960.250908,100712.754119,23344.567663,138745.832517
528,0.003700,103688.056725,0.000000,91960.250908,100712.754119,1822.547092,138745.832517
529,0.003722,103552.819610,0.000000,91960.250908,100712.754119,-8775.087131,138745.832517
530,0.003734,103481.428521,0.000000,91960.250908,100712.754119,-35950.836997,138745.832517
531,0.003809,103013.341508,108705.945175,91960.250908,100712.754119,-23554.122234,138745.832517
532,0.003867,102647.743972,0.000000,91960.250908,100712.754119,-29029.977561,138745.832517
533,0.003883,102550.110365,0.000000,91960.250908,100712.754119,16332.925054,138745.832517
534,0.003883,102549.140501,0.000000,91960.250908,100712.754119,-44230.913571,138745.832517
535,0.003894,102480.636822,0.000000,91960.250908,100712.754119,-22991.797242,138745.832517
536,0.003906,102408.048721,0.000000,91960.250908,100712.754119,-44733.219440,138745.832517
537,0.003917,102339.118945,0.000000,91960.250908,100712.754119,-6020.207161,138745.832517
538,0.003922,102304.713686,0.000000,91960.250908,100712.754119,-1665.261320,138745.832517
539,0.003941,102184.239008,0.000000,91960.250908,100712.754119,-12152.868018,138745.832517
540,0.003947,102148.143121,0.000000,91960.250908,100712.754119,-21760.767832,138745.832517
541,0.003953,102111.522194,0.000000,91960.250908,100712.754119,-1764.622639,138745.832517
542,0.003959,102070.349493,0.000000,91960.250908,100712.754119,16531.601527,138745.832517
543,0.003978,101951.780011,0.000000,91960.250908,100712.754119,-31545.245877,138745.832517
544,0.003988,101887.252566,0.000000,91960.250908,100712.754119,21895.304337,138745.832517
545,0.004005,101781.318034,0.000000,91960.250908,100712.754119,-70381.916109,138745.832517
546,0.004033,101604.437885,0.000000,91960.250908,100712.754119,-32845.135180,138745.832517
547,0.004035,101595.505275,0.000000,91960.250908,100712.754119,15126.967799,138745.832517
548,0.004035,101593.863490,0.000000,91960.250908,100712.754119,25626.376176,138745.832517
549,0.004115,101085.946322,0.000000,91960.250908,100712.754119,-41827.136810,138745.832517
550,0.004117,101074.253435,0.000000,91960.250908,100712.754119,29779.018283,138745.832517
551,0.004156,100824.510337,108702.990355,91960.250908,100712.754119,-14060.169335,138745.832517
552,0.004179,100674.855671,0.000000,91960.250908,100712.754119,-7104.878482,138745.832517
553,0.004189,100610.377797,0.000000,91960.250908,100712.754119,-10229.673804,138745.832517
554,0.004192,100593.825299,108702.682637,91960.250908,100712.754119,16053.316097,138745.832517
555,0.004196,100569.585079,0.000000,91960.250908,100712.754119,-43266.981483,138745.832517
556,0.004204,100516.476982,0.000000,91960.250908,100712.754119,-11426.725933,138745.832517
557,0.004212,100468.485729,0.000000,91960.250908,100712.754119,-34916.338428,138745.832517
558,0.004250,100221.572429,0.000000,91960.250908,100712.754119,1462.264216,138745.832517
559,0.004263,100140.961850,0.000000,91960.250908,100712.754119,-18521.951156,138745.832517
560,0.004285,99995.382104,0.000000,91960.250908,100712.754119,25489.729875,138745.832517
561,0.004320,99775.131882,0.000000,91960.250908,100712.754119,-15326.563909,138745.832517
562,0.004326,99736.882729,0.000000,91960.250908,100712.754119,-300.662010,138745.832517
563,0.004335,99679.161950,108701.469480,91960.250908,100712.754119,-6950.282241,138745.832517
564,0.004388,99337.136233,0.000000,91960.250908,100712.754119,-36227.660116,138745.832517
565,0.004388,99334.999163,108701.015871,91960.250908,100712.754119,-60491.514369,138745.832517
566,0.004422,99114.619792,0.000000,91960.250908,100712.754119,-60966.012102,138745.832517
567,0.004449,98938.557235,0.000000,91960.250908,100712.754119,8385.513919,138745.832517
568,0.004458,98879.569750,0.000000,91960.250908,100712.754119,14754.709221,138745.832517
569,0.004540,98347.266456,0.000000,91960.250908,100712.754119,-73723.599466,138745.832517
570,0.004545,98312.176311,0.000000,91960.250908,100712.754119,6140.382257,138745.832517
571,0.004549,98288.905423,0.000000,91960.250908,100712.754119,-42465.157012,138745.832517
572,0.004602,97939.767771,0.000000,91960.250908,100712.754119,-2234.345793,138745.832517
573,0.004603,97935.992259,0.000000,91960.250908,100712.754119,-14756.138727,138745.832517
574,0.004624,97797.283934,108699.008320,91960.250908,100712.754119,-2889.592068,138745.832517
575,0.004665,97526.471677,0.000000,91960.250908,100712.754119,-36804.111811,138745.832517
576,0.004712,97217.937672,0.000000,91960.250908,100712.754119,54595.016667,138745.832517
577,0.004757,96920.125031,0.000000,91960.250908,100712.754119,51232.837548,138745.832517
578,0.004778,96776.430578,0.000000,91960.250908,100712.754119,49886.845031,138745.832517
579,0.004789,96706.516263,0.000000,91960.250908,100712.754119,22432.660658,138745.832517
580,0.004833,96411.569770,0.000000,91960.250908,100712.754119,32107.749368,138745.832517
581,0.004864,96202.743616,0.000000,91960.250908,100712.754119,13047.677853,138745.832517
582,0.004929,95770.103423,0.000000,91960.250908,100712.754119,21068.158753,138745.832517
583,0.004947,95647.198064,0.000000,91960.250908,100712.754119,3841.902308,138745.832517
584,0.004971,95490.429467,0.000000,91960.250908,100712.754119,8546.566948,138745.832517
585,0.004990,95357.035539,108695.886767,91960.250908,100712.754119,-4633.007786,138745.832517
586,0.004993,95341.888096,0.000000,91960.250908,100712.754119,30035.480447,138745.832517
587,0.005005,95256.317724,0.000000,91960.250908,100712.754119,11781.371201,138745.832517
588,0.005029,95099.399897,108695.561804,91960.250908,100712.754119,-20303.859134,138745.832517
589,0.005033,95067.920807,0.000000,91960.250908,100712.754119,-48783.697530,138745.832517
590,0.005047,94976.460096,0.000000,91960.250908,100712.754119,27336.956562,138745.832517
591,0.005057,94905.698699,0.000000,91960.250908,100712.754119,14705.551982,138745.832517
592,0.005104,94590.045517,0.000000,91960.250908,100712.754119,5086.854730,138745.832517
593,0.005119,94482.661663,0.000000,91960.250908,100712.754119,-6827.861410,138745.832517
594,0.005134,94386.931994,0.000000,91960.250908,100712.754119,-348.325736,138745.832517
595,0.005143,94320.102529,0.000000,91960.250908,100712.754119,17638.559136,138745.832517
596,0.005150,94272.835258,0.000000,91960.250908,100712.754119,12704.635933,138745.832517
597,0.005158,94218.283642,0.000000,91960.250908,100712.754119,-16716.732232,138745.832517
598,0.005164,94181.799659,0.000000,91960.250908,100712.754119,16565.530638,138745.832517
599,0.005181,94063.102517,0.000000,91960.250908,100712.754119,34821.503687,138745.832517
600,0.005188,94012.004163,0.000000,91960.250908,100712.754119,-14310.451517,138745.832517
601,0.005222,93783.378138,0.000000,91960.250908,100712.754119,-3619.093192,138745.832517
602,0.005227,93746.501374,0.000000,91960.250908,100712.754119,-30667.221112,138745.832517
603,0.005341,92965.595104,0.000000,91960.250908,100712.754119,1078.768879,138745.832517
604,0.005405,92520.662009,0.000000,91960.250908,100712.754119,-9435.845710,138745.832517
605,0.005426,92373.762142,0.000000,91960.250908,100712.754119,-8812.399441,138745.832517
606,0.005468,92079.724781,0.000000,91960.250908,100712.754119,23244.534537,138745.832517
607,0.005485,91961.284924,0.000000,91960.250908,100712.754119,-4579.499295,138745.832517
608,0.005527,91669.722590,0.000000,91960.250908,100712.754119,6451.983939,138745.832517
609,0.005564,91411.754608,0.000000,91960.250908,100712.754119,22724.602407,138745.832517
610,0.005581,91289.805208,0.000000,91960.250908,100712.754119,-10789.064945,138745.832517
611,0.005583,91272.847543,0.000000,91960.250908,100712.754119,20897.148833,138745.832517
612,0.005594,91194.671156,108690.744310,91960.250908,100712.754119,30112.634650,138745.832517
613,0.005611,91077.992757,0.000000,91960.250908,100712.754119,7075.469543,138745.832517
614,0.005619,91023.557685,0.000000,91960.250908,100712.754119,36848.225371,138745.832517
615,0.005621,91004.820044,0.000000,91960.250908,100712.754119,6537.986970,138745.832517
616,0.005660,90731.969585,0.000000,91960.250908,100712.754119,-9659.944799,138745.832517
617,0.005672,90644.878328,0.000000,91960.250908,100712.754119,45781.726481,138745.832517
618,0.005684,90557.921516,0.000000,91960.250908,100712.754119,34768.605450,138745.832517
619,0.005691,90508.174105,0.000000,91960.250908,100712.754119,-26448.475721,138745.832517
620,0.005716,90333.061339,0.000000,91960.250908,100712.754119,-4698.478229,138745.832517
621,0.005721,90296.929403,0.000000,91960.250908,100712.754119,16757.369551,138745.832517
622,0.005809,89668.140129,108688.915850,91960.250908,100712.754119,-878.335926,138745.832517
623,0.005829,89523.189258,0.000000,91960.250908,100712.754119,1191.148384,138745.832517
624,0.005865,89268.781078,0.000000,91960.250908,100712.754119,-10956.552166,138745.832517
625,0.005872,89216.948664,0.000000,91960.250908,100712.754119,-978.781748,138745.832517
626,0.005887,89110.940120,0.000000,91960.250908,100712.754119,14784.133843,138745.832517
627,0.005991,88353.937591,0.000000,91960.250908,100712.754119,16263.664236,138745.832517
628,0.006030,88068.675152,0.000000,91960.250908,100712.754119,-51760.218412,138745.832517
629,0.006108,87500.005585,0.000000,91960.250908,100712.754119,-26260.644091,138745.832517
630,0.006110,87486.304755,0.000000,91960.250908,100712.754119,-29822.328069,138745.832517
631,0.006247,86471.394423,0.000000,91960.250908,100712.754119,21715.990154,138745.832517
632,0.006260,86377.770076,108685.079657,91960.250908,100712.754119,-8853.132087,138745.832517
633,0.006279,86232.135891,108684.913179,91960.250908,100712.754119,583.802507,138745.832517
634,0.006287,86175.435252,108684.848438,91960.250908,100712.754119,-4301.785484,138745.832517
635,0.006297,86097.526790,0.000000,91960.250908,100712.754119,24563.386916,138745.832517
636,0.006324,85901.800171,0.000000,91960.250908,100712.754119,44655.480540,138745.832517
637,0.006380,85475.489123,0.000000,91960.250908,100712.754119,-5462.534159,138745.832517
638,0.006418,85191.936022,0.000000,91960.250908,100712.754119,-5225.397596,138745.832517
639,0.006462,84861.803921,0.000000,91960.250908,100712.754119,-297.186683,138745.832517
640,0.006489,84651.581327,0.000000,91960.250908,100712.754119,-6997.073498,138745.832517
641,0.006562,84095.567309,0.000000,91960.250908,100712.754119,31515.324079,138745.832517
642,0.006575,83997.697693,0.000000,91960.250908,100712.754119,51203.919113,138745.832517
643,0.006634,83548.465129,0.000000,91960.250908,100712.754119,889.081702,138745.832517
644,0.006634,83543.975748,0.000000,91960.250908,100712.754119,-14213.080576,138745.832517
645,0.006647,83450.205322,0.000000,91960.250908,100712.754119,-9959.493916,138745.832517
646,0.006693,83093.183684,0.000000,91960.250908,100712.754119,-4607.358202,138745.832517
647,0.006739,82738.174101,0.000000,91960.250908,100712.754119,26455.436634,138745.832517
648,0.006758,82589.566603,0.000000,91960.250908,100712.754119,-16044.402556,138745.832517
649,0.006802,82241.418211,0.000000,91960.250908,100712.754119,4684.704819,138745.832517
650,0.006848,81881.125243,0.000000,91960.250908,100712.754119,-9269.752368,138745.832517
651,0.006867,81733.861788,0.000000,91960.250908,100712.754119,-7031.139617,138745.832517
652,0.006979,80848.183919,108678.955802,91960.250908,100712.754119,-35618.589794,138745.832517
653,0.007016,80554.733666,0.000000,91960.250908,100712.754119,-3174.883785,138745.832517
654,0.007026,80477.288369,0.000000,91960.250908,100712.754119,23380.590860,138745.832517
655,0.007041,80352.908726,0.000000,91960.250908,100712.754119,22432.935322,138745.832517
656,0.007044,80333.284112,0.000000,91960.250908,100712.754119,-2382.256660,138745.832517
657,0.007046,80312.252579,0.000000,91960.250908,100712.754119,-1077.224975,138745.832517
658,0.007060,80206.419781,108678.271298,91960.250908,100712.754119,-23895.155344,138745.832517
659,0.007076,80070.562423,0.000000,91960.250908,100712.754119,3306.700867,138745.832517
660,0.007083,80019.440340,0.000000,91960.250908,100712.754119,14356.788449,138745.832517
661,0.007106,79834.145316,0.000000,91960.250908,100712.754119,-19582.120057,138745.832517
662,0.007209,78999.851793,0.000000,91960.250908,100712.754119,-8397.565229,138745.832517
663,0.007240,78748.294216,0.000000,91960.250908,100712.754119,-8604.091459,138745.832517
664,0.007272,78487.587804,0.000000,91960.250908,100712.754119,23701.606329,138745.832517
665,0.007282,78407.047727,0.000000,91960.250908,100712.754119,-23007.733452,138745.832517
666,0.007284,78384.020491,0.000000,91960.250908,100712.754119,-7985.549355,138745.832517
667,0.007288,78357.095426,0.000000,91960.250908,100712.754119,20155.012479,138745.832517
668,0.007301,78244.595739,0.000000,91960.250908,100712.754119,45733.016680,138745.832517
669,0.007327,78036.833627,0.000000,91960.250908,100712.754119,-7897.745618,138745.832517
670,0.007345,77882.205950,0.000000,91960.250908,100712.754119,-25574.457878,138745.832517
671,0.007421,77257.544369,0.000000,91960.250908,100712.754119,20072.055222,138745.832517
672,0.007434,77144.159595,0.000000,91960.250908,100712.754119,37231.186865,138745.832517
673,0.007483,76737.327904,0.000000,91960.250908,100712.754119,35850.112496,138745.832517
674,0.007596,75784.985945,0.000000,91960.250908,100712.754119,-2322.868958,138745.832517
675,0.007604,75720.617356,0.000000,91960.250908,100712.754119,16684.834774,138745.832517
676,0.007606,75701.899426,0.000000,91960.250908,100712.754119,-30637.585895,138745.832517
677,0.007669,75166.618865,0.000000,91960.250908,100712.754119,-41552.908683,138745.832517
678,0.007689,74991.726189,0.000000,91960.250908,100712.754119,-3483.004881,138745.832517
679,0.007697,74923.386432,0.000000,91960.250908,100712.754119,-14114.160011,138745.832517
680,0.007706,74850.917231,0.000000,91960.250908,100712.754119,4240.210221,138745.832517
681,0.007737,74580.610187,0.000000,91960.250908,100712.754119,7845.724050,138745.832517
682,0.007776,74243.212974,0.000000,91960.250908,100712.754119,-3823.457193,138745.832517
683,0.007778,74227.469062,0.000000,91960.250908,100712.754119,-7572.835753,138745.832517
684,0.007789,74128.978868,108672.059559,91960.250908,100712.754119,-23042.349808,138745.832517
685,0.007850,73598.366807,0.000000,91960.250908,100712.754119,37438.875763,138745.832517
686,0.007886,73282.291844,0.000000,91960.250908,100712.754119,-15149.527589,138745.832517
687,0.007903,73140.136358,0.000000,91960.250908,100712.754119,-6063.489451,138745.832517
688,0.007934,72860.764699,0.000000,91960.250908,100712.754119,113.405710,138745.832517
689,0.007940,72810.178921,108670.776217,91960.250908,100712.754119,-9685.837390,138745.832517
690,0.007945,72761.486493,108670.729274,91960.250908,100712.754119,14423.895163,138745.832517
691,0.007955,72680.249005,0.000000,91960.250908,100712.754119,-8582.978862,138745.832517
692,0.007964,72597.810344,0.000000,91960.250908,100712.754119,10528.134517,138745.832517
693,0.007967,72574.870314,0.000000,91960.250908,100712.754119,33729.234919,138745.832517
694,0.007974,72511.436631,0.000000,91960.250908,100712.754119,409.579023,138745.832517
695,0.007979,72467.227253,0.000000,91960.250908,100712.754119,-15936.303222,138745.832517
696,0.007997,72307.240337,0.000000,91960.250908,100712.754119,23122.182739,138745.832517
697,0.008012,72173.111299,0.000000,91960.250908,100712.754119,-2852.722758,138745.832517
698,0.008084,71531.303311,0.000000,91960.250908,100712.754119,-5827.416580,138745.832517
699,0.008111,71286.807092,0.000000,91960.250908,100712.754119,40789.170022,138745.832517
700,0.008123,71176.679109,0.000000,91960.250908,100712.754119,13632.126895,138745.832517
701,0.008128,71128.753204,0.000000,91960.250908,100712.754119,-8950.623173,138745.832517
702,0.008150,70935.273440,0.000000,91960.250908,100712.754119,-5238.079914,138745.832517
703,0.008182,70642.412707,0.000000,91960.250908,100712.754119,7932.569461,138745.832517
704,0.008198,70497.493791,0.000000,91960.250908,100712.754119,-24788.189220,138745.832517
705,0.008219,70307.053128,0.000000,91960.250908,100712.754119,2896.892718,138745.832517
706,0.008242,70097.750982,0.000000,91960.250908,100712.754119,22340.985892,138745.832517
707,0.008270,69832.515753,0.000000,91960.250908,100712.754119,9051.846199,138745.832517
708,0.008301,69549.831379,0.000000,91960.250908,100712.754119,15576.599688,138745.832517
709,0.008319,69380.307694,0.000000,91960.250908,100712.754119,-17828.038595,138745.832517
710,0.008328,69300.342604,0.000000,91960.250908,100712.754119,12816.466028,138745.832517
711,0.008343,69156.598431,0.000000,91960.250908,100712.754119,53017.726882,138745.832517
712,0.008354,69057.367475,0.000000,91960.250908,100712.754119,10159.569395,138745.832517
713,0.008363,68972.391013,0.000000,91960.250908,100712.754119,-9357.060476,138745.832517
714,0.008370,68906.480461,0.000000,91960.250908,100712.754119,-9468.203602,138745.832517
715,0.008371,68899.696417,0.000000,91960.250908,100712.754119,15333.347330,138745.832517
716,0.008376,68855.047722,0.000000,91960.250908,100712.754119,15679.057681,138745.832517
717,0.008396,68665.058253,0.000000,91960.250908,100712.754119,-29495.994279,138745.832517
718,0.008484,67838.695375,0.000000,91960.250908,100712.754119,-2500.404361,138745.832517
719,0.008505,67634.443951,0.000000,91960.250908,100712.754119,10849.192715,138745.832517
720,0.008525,67448.439731,0.000000,91960.250908,100712.754119,9700.925898,138745.832517
721,0.008550,67210.888274,0.000000,91960.250908,100712.754119,7116.105737,138745.832517
722,0.008584,66887.486478,0.000000,91960.250908,100712.754119,-21988.845178,138745.832517
723,0.008587,66855.517188,0.000000,91960.250908,100712.754119,-1340.456041,138745.832517
724,0.008599,66739.916537,0.000000,91960.250908,100712.754119,-16069.128762,138745.832517
725,0.008606,66672.938950,0.000000,91960.250908,100712.754119,19258.315204,138745.832517
726,0.008608,66656.723327,0.000000,91960.250908,100712.754119,-23490.297711,138745.832517
727,0.008623,66503.717505,0.000000,91960.250908,100712.754119,-16975.297109,138745.832517
728,0.008693,65831.389199,0.000000,91960.250908,100712.754119,5172.028197,138745.832517
729,0.008713,65632.828949,0.000000,91960.250908,100712.754119,11038.379594,138745.832517
730,0.008796,64814.777413,108663.488988,91960.250908,100712.754119,-13735.827399,138745.832517
731,0.008862,64152.223792,0.000000,91960.250908,100712.754119,291.008226,138745.832517
732,0.008884,63939.792945,0.000000,91960.250908,100712.754119,-32700.563206,138745.832517
733,0.008887,63902.180358,0.000000,91960.250908,100712.754119,19458.076892,138745.832517
734,0.008928,63488.825452,0.000000,91960.250908,100712.754119,-16602.000201,138745.832517
735,0.008946,63306.430772,0.000000,91960.250908,100712.754119,4408.452765,138745.832517
736,0.009062,62125.772059,0.000000,91960.250908,100712.754119,-11831.141812,138745.832517
737,0.009072,62013.313600,0.000000,91960.250908,100712.754119,1597.198278,138745.832517
738,0.009113,61587.776807,0.000000,91960.250908,100712.754119,11635.299139,138745.832517
739,0.009117,61554.091960,0.000000,91960.250908,100712.754119,-7471.943271,138745.832517
740,0.009163,61066.954787,0.000000,91960.250908,100712.754119,19225.547945,138745.832517
741,0.009179,60901.165917,0.000000,91960.250908,100712.754119,-16018.450537,138745.832517
742,0.009194,60737.568637,108660.098896,91960.250908,100712.754119,23655.611789,138745.832517
743,0.009241,60240.042607,108659.700290,91960.250908,100712.754119,25352.445593,138745.832517
744,0.009335,59224.550480,0.000000,91960.250908,100712.754119,22576.463226,138745.832517
745,0.009345,59115.523633,0.000000,91960.250908,100712.754119,-18116.327848,138745.832517
746,0.009384,58694.479944,0.000000,91960.250908,100712.754119,-10845.755509,138745.832517
747,0.009434,58142.720657,0.000000,91960.250908,100712.754119,25910.572381,138745.832517
748,0.009505,57349.064076,0.000000,91960.250908,100712.754119,-14072.776931,138745.832517
749,0.009545,56909.886080,0.000000,91960.250908,100712.754119,-29189.380164,138745.832517
750,0.009564,56684.348068,0.000000,91960.250908,100712.754119,-24048.821682,138745.832517
751,0.009624,55999.687731,108656.436069,91960.250908,100712.754119,15809.571389,138745.832517
752,0.009687,55282.901171,0.000000,91960.250908,100712.754119,-9747.302628,138745.832517
753,0.009704,55077.010156,0.000000,91960.250908,100712.754119,24492.216933,138745.832517
754,0.009729,54782.823464,0.000000,91960.250908,100712.754119,17393.481301,138745.832517
755,0.009790,54067.169078,0.000000,91960.250908,100712.754119,32892.646944,138745.832517
756,0.009834,53539.888966,0.000000,91960.250908,100712.754119,-13108.196160,138745.832517
757,0.009837,53506.567144,0.000000,91960.250908,100712.754119,20994.796571,138745.832517
758,0.009838,53490.867177,0.000000,91960.250908,100712.754119,7386.282624,138745.832517
759,0.009842,53440.113995,0.000000,91960.250908,100712.754119,-12421.125869,138745.832517
760,0.009853,53308.103957,0.000000,91960.250908,100712.754119,-2465.782873,138745.832517
761,0.009860,53233.207092,0.000000,91960.250908,100712.754119,7015.385694,138745.832517
762,0.009882,52960.748208,0.000000,91960.250908,100712.754119,26947.799202,138745.832517
763,0.009911,52604.556026,0.000000,91960.250908,100712.754119,8362.467480,138745.832517
764,0.009935,52312.500566,0.000000,91960.250908,100712.754119,4553.688721,138745.832517
765,0.009963,51970.542930,0.000000,91960.250908,100712.754119,-14624.232550,138745.832517
766,0.010021,51241.762968,0.000000,91960.250908,100712.754119,-16379.426773,138745.832517
767,0.010080,50496.708481,0.000000,91960.250908,100712.754119,26844.142536,138745.832517
768,0.010144,49684.333497,0.000000,91960.250908,100712.754119,-14034.812864,138745.832517
769,0.010180,49211.045355,0.000000,91960.250908,100712.754119,34533.709136,138745.832517
770,0.010194,49034.349948,0.000000,91960.250908,100712.754119,15220.242961,138745.832517
771,0.010275,47962.261022,0.000000,91960.250908,100712.754119,-1148.762378,138745.832517
772,0.010345,47004.179432,0.000000,91960.250908,100712.754119,-15604.978750,138745.832517
773,0.010364,46754.224758,0.000000,91960.250908,100712.754119,-26307.141943,138745.832517
774,0.010394,46331.166896,0.000000,91960.250908,100712.754119,6562.888206,138745.832517
775,0.010425,45900.890102,0.000000,91960.250908,100712.754119,-18494.696899,138745.832517
776,0.010489,44999.415611,0.000000,91960.250908,100712.754119,7580.806044,138745.832517
777,0.010513,44649.068247,0.000000,91960.250908,100712.754119,3520.191652,138745.832517
778,0.010521,44541.216385,0.000000,91960.250908,100712.754119,-3680.352860,138745.832517
779,0.010526,44464.282642,0.000000,91960.250908,100712.754119,-3137.665497,138745.832517
780,0.010547,44163.562194,0.000000,91960.250908,100712.754119,8134.333801,138745.832517
781,0.010568,43847.014213,0.000000,91960.250908,100712.754119,-23325.096027,138745.832517
782,0.010584,43610.759764,0.000000,91960.250908,100712.754119,4235.328620,138745.832517
783,0.010598,43405.772730,108648.145348,91960.250908,100712.754119,5132.577519,138745.832517
784,0.010612,43208.250824,0.000000,91960.250908,100712.754119,-19108.629955,138745.832517
785,0.010623,43041.982209,0.000000,91960.250908,100712.754119,-1783.710950,138745.832517
786,0.010642,42748.670761,0.000000,91960.250908,100712.754119,-681.364080,138745.832517
787,0.010644,42730.413819,0.000000,91960.250908,100712.754119,-5368.715673,138745.832517
788,0.010645,42703.012484,0.000000,91960.250908,100712.754119,-6842.375715,138745.832517
789,0.010689,42036.047826,0.000000,91960.250908,100712.754119,-244.211108,138745.832517
790,0.010719,41583.856524,0.000000,91960.250908,100712.754119,-5904.544659,138745.832517
791,0.010724,41504.116508,0.000000,91960.250908,100712.754119,26868.418661,138745.832517
792,0.010737,41305.519080,0.000000,91960.250908,100712.754119,16068.302291,138745.832517
793,0.010785,40552.627110,0.000000,91960.250908,100712.754119,-25763.880106,138745.832517
794,0.010803,40266.374480,0.000000,91960.250908,100712.754119,-5339.605020,138745.832517
795,0.010810,40151.281485,0.000000,91960.250908,100712.754119,-6510.965250,138745.832517
796,0.010829,39849.354655,108646.184501,91960.250908,100712.754119,20448.867109,138745.832517
797,0.010833,39775.493257,0.000000,91960.250908,100712.754119,19634.997676,138745.832517
798,0.010833,39775.138885,0.000000,91960.250908,100712.754119,-14342.022463,138745.832517
799,0.010972,37471.383403,0.000000,91960.250908,100712.754119,-15926.646474,138745.832517
800,0.011032,36423.821133,0.000000,91960.250908,100712.754119,2910.703181,138745.832517
801,0.011096,35280.836032,0.000000,91960.250908,100712.754119,-14274.122636,138745.832517
802,0.011115,34918.894347,0.000000,91960.250908,100712.754119,-7938.362449,138745.832517
803,0.011151,34260.667774,0.000000,91960.250908,100712.754119,8169.472374,138745.832517
804,0.011166,33980.548753,0.000000,91960.250908,100712.754119,439.027309,138745.832517
805,0.011196,33404.221324,0.000000,91960.250908,100712.754119,8489.877571,138745.832517
806,0.011217,32994.956701,0.000000,91960.250908,100712.754119,21147.093554,138745.832517
807,0.011342,30465.202610,0.000000,91960.250908,100712.754119,2106.224861,138745.832517
808,0.011371,29845.722506,108641.567297,91960.250908,100712.754119,-5467.289104,138745.832517
809,0.011375,29757.920864,0.000000,91960.250908,100712.754119,2538.854623,138745.832517
810,0.011377,29728.864723,0.000000,91960.250908,100712.754119,-11036.414188,138745.832517
811,0.011497,27008.458785,0.000000,91960.250908,100712.754119,-9056.686007,138745.832517
812,0.011550,25711.022440,0.000000,91960.250908,100712.754119,7788.736888,138745.832517
813,0.011685,22074.146913,0.000000,91960.250908,100712.754119,-13153.814677,138745.832517
814,0.011718,21091.625928,0.000000,91960.250908,100712.754119,-4227.101869,138745.832517
815,0.011755,19929.985549,0.000000,91960.250908,100712.754119,-6945.591748,138745.832517
816,0.011827,17467.658297,0.000000,91960.250908,100712.754119,-5469.535327,138745.832517
817,0.011831,17300.153829,0.000000,91960.250908,100712.754119,557.775978,138745.832517
818,0.011836,17124.642996,0.000000,91960.250908,100712.754119,8143.967047,138745.832517
819,0.011836,17118.830461,0.000000,91960.250908,100712.754119,1489.225785,138745.832517
820,0.011887,15105.581777,0.000000,91960.250908,100712.754119,80.186138,138745.832517
821,0.011901,14486.211354,0.000000,91960.250908,100712.754119,-12319.899116,138745.832517
822,0.011916,13800.305654,0.000000,91960.250908,100712.754119,4724.430633,138745.832517
823,0.011939,12703.408790,0.000000,91960.250908,100712.754119,-6776.144557,138745.832517
824,0.011986,10023.451958,108636.333598,91960.250908,100712.754119,-4721.214479,138745.832517
825,0.012036,5980.042158,0.000000,91960.250908,100712.754119,13532.251555,138745.832517
826,0.012068,0.000000,0.000000,91960.250908,100712.754119,-7660.498622,138745.832517
827,0.012089,0.000000,0.000000,91960.250908,100712.754119,-13594.159431,138745.832517
828,0.012186,0.000000,0.000000,91960.250908,100712.754119,-24964.853774,138745.832517
829,0.012189,0.000000,0.000000,91960.250908,100712.754119,-16786.744054,138745.832517
830,0.012216,0.000000,0.000000,91960.250908,100712.754119,-4033.786007,138745.832517
831,0.012216,0.000000,0.000000,91960.250908,100712.754119,-5562.366637,138745.832517
832,0.012229,0.000000,0.000000,91960.250908,100712.754119,-10796.220320,138745.832517
833,0.012239,0.000000,108634.181765,91960.250908,100712.754119,1692.356963,138745.832517
834,0.012264,0.000000,0.000000,91960.250908,100712.754119,1932.463350,138745.832517
835,0.012264,0.000000,0.000000,91960.250908,100712.754119,-8411.748953,138745.832517
836,0.012351,0.000000,0.000000,91960.250908,100712.754119,-739.578883,138745.832517
837,0.012374,0.000000,0.000000,91960.250908,100712.754119,-3726.369796,138745.832517
838,0.012431,0.000000,0.000000,91960.250908,100712.754119,2972.958013,138745.832517
839,0.012459,0.000000,0.000000,91960.250908,100712.754119,-9168.770241,138745.832517
840,0.012467,0.000000,0.000000,91960.250908,100712.754119,1307.210403,138745.832517
841,0.012526,0.000000,0.000000,91960.250908,100712.754119,16902.912008,138745.832517
842,0.012577,0.000000,0.000000,91960.250908,100712.754119,-8972.493036,138745.832517
843,0.012594,0.000000,0.000000,91960.250908,100712.754119,12280.284681,138745.832517
844,0.012607,0.000000,0.000000,91960.250908,100712.754119,-18975.661280,138745.832517
845,0.012655,0.000000,0.000000,91960.250908,100712.754119,-18051.541340,138745.832517
846,0.012677,0.000000,0.000000,91960.250908,100712.754119,-2502.257519,138745.832517
847,0.012706,0.000000,0.000000,91960.250908,100712.754119,-4854.622783,138745.832517
848,0.012770,0.000000,0.000000,91960.250908,100712.754119,-14421.376082,138745.832517
849,0.012799,0.000000,0.000000,91960.250908,100712.754119,-7242.972202,138745.832517
850,0.012846,0.000000,0.000000,91960.250908,100712.754119,19657.898974,138745.832517
851,0.012884,0.000000,0.000000,91960.250908,100712.754119,-4168.043657,138745.832517
852,0.012936,0.000000,0.000000,91960.250908,100712.754119,7053.262533,138745.832517
853,0.012966,0.000000,0.000000,91960.250908,100712.754119,3242.071824,138745.832517
854,0.013021,0.000000,0.000000,91960.250908,100712.754119,-15855.892744,138745.832517
855,0.013052,0.000000,0.000000,91960.250908,100712.754119,-3422.221368,138745.832517
856,0.013090,0.000000,0.000000,91960.250908,100712.754119,-1614.061153,138745.832517
857,0.013108,0.000000,108626.777188,91960.250908,100712.754119,-1724.723621,138745.832517
858,0.013123,0.000000,0.000000,91960.250908,100712.754119,17331.638653,138745.832517
859,0.013140,0.000000,0.000000,91960.250908,100712.754119,-632.247277,138745.832517
860,0.013165,0.000000,0.000000,91960.250908,100712.754119,12997.941157,138745.832517
861,0.013244,0.000000,0.000000,91960.250908,100712.754119,9004.288982,138745.832517
862,0.013244,0.000000,0.000000,91960.250908,100712.754119,-7458.808636,138745.832517
863,0.013299,0.000000,0.000000,91960.250908,100712.754119,-3062.553996,138745.832517
864,0.013308,0.000000,0.000000,91960.250908,100712.754119,17522.484678,138745.832517
865,0.013341,0.000000,0.000000,91960.250908,100712.754119,-13727.352319,138745.832517
866,0.013415,0.000000,0.000000,91960.250908,100712.754119,2252.474749,138745.832517
867,0.013417,0.000000,0.000000,91960.250908,100712.754119,-4720.352672,138745.832517
868,0.013556,0.000000,0.000000,91960.250908,100712.754119,5153.114631,138745.832517
869,0.013641,0.000000,0.000000,91960.250908,100712.754119,6826.168332,138745.832517
870,0.013689,0.000000,0.000000,91960.250908,100712.754119,-2267.868387,138745.832517
871,0.013708,0.000000,108621.674808,91960.250908,100712.754119,-8912.837243,138745.832517
872,0.013716,0.000000,0.000000,91960.250908,100712.754119,2062.255855,138745.832517
873,0.013760,0.000000,0.000000,91960.250908,100712.754119,14839.119090,138745.832517
874,0.013779,0.000000,0.000000,91960.250908,100712.754119,1806.212970,138745.832517
875,0.013823,0.000000,108620.697445,91960.250908,100712.754119,-2286.008955,138745.832517
876,0.013826,0.000000,0.000000,91960.250908,100712.754119,-8138.744353,138745.832517
877,0.013914,0.000000,0.000000,91960.250908,100712.754119,-7025.651606,138745.832517
878,0.013924,0.000000,0.000000,91960.250908,100712.754119,1607.727633,138745.832517
879,0.014043,0.000000,0.000000,91960.250908,100712.754119,12960.607496,138745.832517
880,0.014058,0.000000,0.000000,91960.250908,100712.754119,-8849.070374,138745.832517
881,0.014078,0.000000,0.000000,91960.250908,100712.754119,1695.729779,138745.832517
882,0.014268,0.000000,0.000000,91960.250908,100712.754119,5105.963789,138745.832517
883,0.014273,0.000000,0.000000,91960.250908,100712.754119,17037.961191,138745.832517
884,0.014366,0.000000,0.000000,91960.250908,100712.754119,534.904391,138745.832517
885,0.014398,0.000000,108615.798631,91960.250908,100712.754119,9709.884180,138745.832517
886,0.014444,0.000000,0.000000,91960.250908,100712.754119,1462.985505,138745.832517
887,0.014487,0.000000,108615.043580,91960.250908,100712.754119,-2440.803184,138745.832517
888,0.014521,0.000000,0.000000,91960.250908,100712.754119,-3736.195671,138745.832517
889,0.014531,0.000000,0.000000,91960.250908,100712.754119,-4397.399107,138745.832517
890,0.014558,0.000000,0.000000,91960.250908,100712.754119,4289.056826,138745.832517
891,0.014559,0.000000,0.000000,91960.250908,100712.754119,12723.917667,138745.832517
892,0.014561,0.000000,0.000000,91960.250908,100712.754119,15355.234565,138745.832517
893,0.014642,0.000000,0.000000,91960.250908,100712.754119,745.632403,138745.832517
894,0.014793,0.000000,0.000000,91960.250908,100712.754119,-4874.679683,138745.832517
895,0.014816,0.000000,0.000000,91960.250908,100712.754119,6161.779282,138745.832517
896,0.014853,0.000000,0.000000,91960.250908,100712.754119,-4224.446175,138745.832517
897,0.014978,0.000000,0.000000,91960.250908,100712.754119,-2869.478375,138745.832517
898,0.015027,0.000000,0.000000,91960.250908,100712.754119,-3749.457954,138745.832517
899,0.015235,0.000000,0.000000,91960.250908,100712.754119,-9125.312866,138745.832517
900,0.015242,0.000000,108608.617986,91960.250908,100712.754119,-2971.593895,138745.832517
901,0.015243,0.000000,0.000000,91960.250908,100712.754119,-6254.292734,138745.832517
902,0.015252,0.000000,0.000000,91960.250908,100712.754119,754.440871,138745.832517
903,0.015256,0.000000,0.000000,91960.250908,100712.754119,-7934.150041,138745.832517
904,0.015278,0.000000,0.000000,91960.250908,100712.754119,-8095.040728,138745.832517
905,0.015448,0.000000,108606.865509,91960.250908,100712.754119,30622.260166,138745.832517
906,0.015469,0.000000,0.000000,91960.250908,100712.754119,-1520.740147,138745.832517
907,0.015500,0.000000,0.000000,91960.250908,100712.754119,5622.804034,138745.832517
908,0.015522,0.000000,108606.233795,91960.250908,100712.754119,-3494.558624,138745.832517
909,0.015550,0.000000,108605.990232,91960.250908,100712.754119,-4643.786067,138745.832517
910,0.015574,0.000000,0.000000,91960.250908,100712.754119,42.305833,138745.832517
911,0.015702,0.000000,108604.697299,91960.250908,100712.754119,-7816.126542,138745.832517
912,0.015741,0.000000,0.000000,91960.250908,100712.754119,-11794.590371,138745.832517
913,0.015746,0.000000,0.000000,91960.250908,100712.754119,5429.063165,138745.832517
914,0.015758,0.000000,108604.223850,91960.250908,100712.754119,33.966109,138745.832517
915,0.015767,0.000000,108604.145119,91960.250908,100712.754119,-1937.359331,138745.832517
916,0.015781,0.000000,0.000000,91960.250908,100712.754119,4092.241715,138745.832517
917,0.015798,0.000000,0.000000,91960.250908,100712.754119,1449.214155,138745.832517
918,0.015817,0.000000,108603.717429,91960.250908,100712.754119,5377.745121,138745.832517
919,0.015822,0.000000,108603.680352,91960.250908,100712.754119,4905.151661,138745.832517
920,0.015925,0.000000,0.000000,91960.250908,100712.754119,4912.904818,138745.832517
921,0.015974,0.000000,0.000000,91960.250908,100712.754119,-115.448719,138745.832517
922,0.016015,0.000000,0.000000,91960.250908,100712.754119,1130.160861,138745.832517
923,0.016052,0.000000,0.000000,91960.250908,100712.754119,-9084.545509,138745.832517
924,0.016107,0.000000,0.000000,91960.250908,100712.754119,10702.029241,138745.832517
925,0.016133,0.000000,0.000000,91960.250908,100712.754119,-3000.790119,138745.832517
926,0.016282,0.000000,0.000000,91960.250908,100712.754119,1321.126757,138745.832517
927,0.016301,0.000000,0.000000,91960.250908,100712.754119,627.209197,138745.832517
928,0.016388,0.000000,0.000000,91960.250908,100712.754119,-6487.068947,138745.832517
929,0.016457,0.000000,0.000000,91960.250908,100712.754119,-7105.737030,138745.832517
930,0.016458,0.000000,0.000000,91960.250908,100712.754119,3249.368854,138745.832517
931,0.016519,0.000000,0.000000,91960.250908,100712.754119,-6240.467849,138745.832517
932,0.016559,0.000000,0.000000,91960.250908,100712.754119,714.353713,138745.832517
933,0.016563,0.000000,0.000000,91960.250908,100712.754119,-2779.469253,138745.832517
934,0.016591,0.000000,0.000000,91960.250908,100712.754119,2352.884048,138745.832517
935,0.016666,0.000000,0.000000,91960.250908,100712.754119,7986.895298,138745.832517
936,0.016667,0.000000,0.000000,91960.250908,100712.754119,-2683.445879,138745.832517
937,0.016782,0.000000,108595.508497,91960.250908,100712.754119,-4451.877615,138745.832517
938,0.016806,0.000000,0.000000,91960.250908,100712.754119,-6117.642791,138745.832517
939,0.016872,0.000000,0.000000,91960.250908,100712.754119,8019.349997,138745.832517
940,0.016890,0.000000,0.000000,91960.250908,100712.754119,8126.974683,138745.832517
941,0.017018,0.000000,0.000000,91960.250908,100712.754119,-874.101653,138745.832517
942,0.017260,0.000000,0.000000,91960.250908,100712.754119,2133.913524,138745.832517
943,0.017277,0.000000,0.000000,91960.250908,100712.754119,-5007.421998,138745.832517
944,0.017465,0.000000,0.000000,91960.250908,100712.754119,-592.337074,138745.832517
945,0.017508,0.000000,0.000000,91960.250908,100712.754119,-8762.063362,138745.832517
946,0.017509,0.000000,0.000000,91960.250908,100712.754119,-22.670958,138745.832517
947,0.017543,0.000000,0.000000,91960.250908,100712.754119,-799.563196,138745.832517
948,0.017581,0.000000,0.000000,91960.250908,100712.754119,-818.641029,138745.832517
949,0.017590,0.000000,0.000000,91960.250908,100712.754119,-3543.501071,138745.832517
950,0.017843,0.000000,0.000000,91960.250908,100712.754119,5129.064452,138745.832517
951,0.017993,0.000000,0.000000,91960.250908,100712.754119,1881.319346,138745.832517
952,0.018209,0.000000,0.000000,91960.250908,100712.754119,-946.389259,138745.832517
953,0.018322,0.000000,0.000000,91960.250908,100712.754119,2712.818150,138745.832517
954,0.018504,0.000000,0.000000,91960.250908,100712.754119,7744.508066,138745.832517
955,0.018524,0.000000,0.000000,91960.250908,100712.754119,-3256.998227,138745.832517
956,0.018565,0.000000,0.000000,91960.250908,100712.754119,4892.306206,138745.832517
957,0.018599,0.000000,0.000000,91960.250908,100712.754119,-5468.140511,138745.832517
958,0.018615,0.000000,0.000000,91960.250908,100712.754119,7699.952542,138745.832517
959,0.018778,0.000000,0.000000,91960.250908,100712.754119,2186.496732,138745.832517
960,0.018826,0.000000,0.000000,91960.250908,100712.754119,251.083092,138745.832517
961,0.018886,0.000000,0.000000,91960.250908,100712.754119,1772.245134,138745.832517
962,0.019062,0.000000,0.000000,91960.250908,100712.754119,438.039051,138745.832517
963,0.019422,0.000000,0.000000,91960.250908,100712.754119,2852.068834,138745.832517
964,0.019466,0.000000,108572.655086,91960.250908,100712.754119,-2818.950032,138745.832517
965,0.019745,0.000000,0.000000,91960.250908,100712.754119,-970.128744,138745.832517
966,0.020028,0.000000,0.000000,91960.250908,100712.754119,-486.640089,138745.832517
967,0.020061,0.000000,0.000000,91960.250908,100712.754119,-54.709212,138745.832517
968,0.020069,0.000000,0.000000,91960.250908,100712.754119,-427.308830,138745.832517
969,0.020103,0.000000,0.000000,91960.250908,100712.754119,3255.520318,138745.832517
970,0.021027,0.000000,0.000000,91960.250908,100712.754119,-3827.246725,138745.832517
971,0.021227,0.000000,0.000000,91960.250908,100712.754119,-658.454159,138745.832517
972,0.021582,0.000000,0.000000,91960.250908,100712.754119,4348.702452,138745.832517
973,0.021630,0.000000,0.000000,91960.250908,100712.754119,1603.801735,138745.832517
974,0.021778,0.000000,0.000000,91960.250908,100712.754119,-3037.213390,138745.832517
975,0.022001,0.000000,0.000000,91960.250908,100712.754119,-45.345748,138745.832517
976,0.022060,0.000000,0.000000,91960.250908,100712.754119,-965.616307,138745.832517
977,0.022061,0.000000,0.000000,91960.250908,100712.754119,-467.071069,138745.832517
978,0.022075,0.000000,0.000000,91960.250908,100712.754119,-641.437275,138745.832517
979,0.022138,0.000000,0.000000,91960.250908,100712.754119,-315.440673,138745.832517
980,0.022326,0.000000,0.000000,91960.250908,100712.754119,-1391.326015,138745.832517
981,0.022562,0.000000,0.000000,91960.250908,100712.754119,1036.963398,138745.832517
982,0.022803,0.000000,0.000000,91960.250908,100712.754119,1770.112624,138745.832517
983,0.022978,0.000000,0.000000,91960.250908,100712.754119,-1281.658714,138745.832517
984,0.023010,0.000000,0.000000,91960.250908,100712.754119,1714.430712,138745.832517
985,0.023063,0.000000,0.000000,91960.250908,100712.754119,-204.627959,138745.832517
986,0.023293,0.000000,0.000000,91960.250908,100712.754119,-1108.613777,138745.832517
987,0.023601,0.000000,0.000000,91960.250908,100712.754119,658.503168,138745.832517
988,0.023809,0.000000,0.000000,91960.250908,100712.754119,-1043.042851,138745.832517
989,0.023879,0.000000,108535.089816,91960.250908,100712.754119,468.666421,138745.832517
990,0.024016,0.000000,0.000000,91960.250908,100712.754119,-639.467880,138745.832517
991,0.024066,0.000000,0.000000,91960.250908,100712.754119,-339.293493,138745.832517
992,0.025039,0.000000,0.000000,91960.250908,100712.754119,-201.703251,138745.832517
993,0.025389,0.000000,0.000000,91960.250908,100712.754119,326.689283,138745.832517
994,0.027169,0.000000,0.000000,91960.250908,100712.754119,-677.741944,138745.832517
995,0.028189,0.000000,0.000000,91960.250908,100712.754119,457.260396,138745.832517
996,0.029533,0.000000,0.000000,91960.250908,100712.754119,-339.263173,138745.832517
997,0.030280,0.000000,0.000000,91960.250908,100712.754119,467.000373,138745.832517
998,0.035484,0.000000,0.000000,91960.250908,100712.754119,-53.368753,138745.832517
999,0.038053,0.000000,0.000000,91960.250908,100712.754119,-13.975174,138745.832517
