#TimeStep,Date,DaysInPeriod,ZeroOrderDIM,AverageDIM,AverageFLOW,SimpleDIM,NettingSet,Time
0,2016-02-19,14,83886.023863,83985.914471,0.000000,72446.083536,CPTY_A,0.038251
1,2016-03-04,14,84630.850414,84689.706284,0.000000,99256.630294,CPTY_A,0.076503
2,2016-03-18,14,80229.478550,80326.902535,0.000000,90408.519117,CPTY_A,0.114754
3,2016-04-01,14,93985.337116,94053.900289,0.000000,108978.149758,CPTY_A,0.153005
4,2016-04-15,14,72592.805835,72829.842762,0.000000,72892.213942,CPTY_A,0.191257
5,2016-04-29,14,79941.662453,79946.995835,0.000000,97809.765338,CPTY_A,0.229508
6,2016-05-13,14,74995.693917,75037.536034,0.000000,66646.122997,CPTY_A,0.267760
7,2016-05-27,14,85797.746677,85798.439259,0.000000,85873.278327,CPTY_A,0.306011
8,2016-06-10,14,96602.323537,96991.260862,0.000000,146379.939062,CPTY_A,0.344262
9,2016-06-24,14,79986.113277,80064.401102,0.000000,83514.673750,CPTY_A,0.382514
10,2016-07-08,14,93598.763813,93712.210213,0.000000,120126.467585,CPTY_A,0.420765
11,2016-07-22,14,71530.050586,71549.677659,0.000000,63316.576175,CPTY_A,0.459016
12,2016-08-05,14,80090.157630,80234.838405,0.000000,73215.113179,CPTY_A,0.497268
13,2016-08-19,14,85773.223411,85859.819323,0.000000,112080.034928,CPTY_A,0.535519
14,2016-09-02,14,78841.512212,79163.499049,0.000000,91074.206870,CPTY_A,0.573770
15,2016-09-16,14,74138.781351,74330.878290,0.000000,80055.433865,CPTY_A,0.612022
16,2016-09-30,14,78838.869411,78841.100042,0.000000,72626.352102,CPTY_A,0.650273
17,2016-10-14,14,87278.050563,88041.328985,0.000000,92300.174898,CPTY_A,0.688525
18,2016-10-28,17,81107.557486,81516.143746,0.000000,55902.180037,CPTY_A,0.726776
19,2016-11-14,11,74809.171154,74810.109011,0.000000,106054.817042,CPTY_A,0.773224
20,2016-11-25,14,91283.925983,91419.853689,0.000000,127717.595169,CPTY_A,0.803279
21,2016-12-09,14,78370.455777,78376.799845,0.000000,84137.512739,CPTY_A,0.841530
22,2016-12-23,14,93974.569901,93977.668881,0.000000,128422.084649,CPTY_A,0.879781
23,2017-01-06,14,93490.866744,93857.411145,0.000000,143125.662241,CPTY_A,0.918070
24,2017-01-20,14,76255.259319,76272.374156,0.000000,71896.791562,CPTY_A,0.956426
25,2017-02-03,14,93727.126355,94313.130433,0.000000,107334.009897,CPTY_A,0.994783
26,2017-02-17,14,75469.049791,75788.873619,0.000000,72968.677325,CPTY_A,1.033139
27,2017-03-03,14,88909.217987,88971.526548,0.000000,90457.284451,CPTY_A,1.071495
28,2017-03-17,14,86563.073021,86662.022838,0.000000,118768.038768,CPTY_A,1.109851
29,2017-03-31,18,89383.757110,89390.182923,0.000000,82354.351878,CPTY_A,1.148207
30,2017-04-18,10,78728.422565,78735.160996,0.000000,93449.022014,CPTY_A,1.197522
31,2017-04-28,14,78124.704385,78127.012683,0.000000,92680.444993,CPTY_A,1.224920
32,2017-05-12,14,78260.802182,80075.678189,0.000000,77377.987470,CPTY_A,1.263276
33,2017-05-26,14,79657.435623,80546.566602,0.000000,69905.836856,CPTY_A,1.301632
34,2017-06-09,14,84394.237585,84417.022503,0.000000,87342.321461,CPTY_A,1.339988
35,2017-06-23,14,86831.283952,87066.258573,0.000000,108160.768964,CPTY_A,1.378344
36,2017-07-07,14,78791.295489,78797.256590,0.000000,78470.689801,CPTY_A,1.416700
37,2017-07-21,14,83592.320437,83691.589469,0.000000,91545.670070,CPTY_A,1.455057
38,2017-08-04,14,109854.557042,110603.780499,0.000000,132553.123270,CPTY_A,1.493413
39,2017-08-18,14,87815.874046,87815.970670,0.000000,102563.051547,CPTY_A,1.531769
40,2017-09-01,14,99899.342098,99900.104131,0.000000,97100.277950,CPTY_A,1.570125
41,2017-09-15,14,90617.730366,90646.681068,0.000000,84876.207113,CPTY_A,1.608481
42,2017-09-29,14,70663.513080,70668.015708,0.000000,68904.903479,CPTY_A,1.646837
43,2017-10-13,14,85355.655522,85384.459906,0.000000,128299.713725,CPTY_A,1.685194
44,2017-10-27,17,86202.141523,86632.328677,0.000000,69964.150994,CPTY_A,1.723550
45,2017-11-13,11,86601.974668,87016.756188,0.000000,84042.813320,CPTY_A,1.770125
46,2017-11-24,14,88146.357920,89046.134585,0.000000,101146.942325,CPTY_A,1.800262
47,2017-12-08,14,87019.880641,87157.135418,0.000000,124393.411943,CPTY_A,1.838618
48,2017-12-22,14,95265.044688,95315.208196,0.000000,138394.187214,CPTY_A,1.876974
49,2018-01-05,14,94358.300567,95087.405169,0.000000,76478.187858,CPTY_A,1.915330
50,2018-01-19,14,103511.186633,103611.489118,0.000000,128345.770098,CPTY_A,1.953687
51,2018-02-02,14,95050.160588,95160.480179,0.000000,154948.633079,CPTY_A,1.992043
52,2018-02-16,14,83560.103286,83879.179805,0.000000,130469.104367,CPTY_A,2.030399
53,2018-03-02,14,122837.783437,122919.732593,0.000000,186074.717042,CPTY_A,2.068755
54,2018-03-16,18,79240.196302,79344.153593,0.000000,106569.702158,CPTY_A,2.107111
55,2018-04-03,10,82446.558485,82901.965777,0.000000,95551.509572,CPTY_A,2.156426
56,2018-04-13,14,92913.630580,93146.568405,0.000000,116596.030557,CPTY_A,2.183824
57,2018-04-27,14,68784.142488,69307.724194,0.000000,50706.606653,CPTY_A,2.222180
58,2018-05-11,14,74876.214886,75371.910351,0.000000,83710.547124,CPTY_A,2.260536
59,2018-05-25,14,73165.854967,73229.958593,0.000000,91275.801176,CPTY_A,2.298892
60,2018-06-08,14,87647.466961,87945.757552,0.000000,78909.611746,CPTY_A,2.337248
61,2018-06-22,14,81320.961400,81635.493336,0.000000,99104.594004,CPTY_A,2.375604
62,2018-07-06,14,77604.655557,77709.853677,0.000000,79764.198773,CPTY_A,2.413961
63,2018-07-20,14,99090.347991,99207.169296,0.000000,128302.142171,CPTY_A,2.452317
64,2018-08-03,14,83748.421668,83755.193835,0.000000,81379.591545,CPTY_A,2.490673
65,2018-08-17,14,68221.074418,68327.006964,0.000000,71682.638066,CPTY_A,2.529029
66,2018-08-31,14,105424.798608,105453.875207,0.000000,193162.370027,CPTY_A,2.567385
67,2018-09-14,14,71182.185441,71282.571171,0.000000,64693.224212,CPTY_A,2.605741
68,2018-09-28,14,87474.364077,87639.823195,0.000000,102473.904166,CPTY_A,2.644098
69,2018-10-12,14,101374.629301,101702.252602,0.000000,195842.640951,CPTY_A,2.682454
70,2018-10-26,14,87262.153364,87450.089279,0.000000,131943.701467,CPTY_A,2.720810
71,2018-11-09,14,78088.015791,78526.542666,0.000000,95363.305357,CPTY_A,2.759166
72,2018-11-23,14,85593.192921,85824.966715,0.000000,125874.060716,CPTY_A,2.797522
73,2018-12-07,14,77133.109070,78026.168654,0.000000,99951.846091,CPTY_A,2.835878
74,2018-12-21,14,93115.823537,93372.521393,0.000000,98655.572474,CPTY_A,2.874235
75,2019-01-04,14,77380.804677,78591.921945,0.000000,76160.162327,CPTY_A,2.912591
76,2019-01-18,14,77738.335533,77810.639344,0.000000,90000.131870,CPTY_A,2.950947
77,2019-02-01,14,87266.239592,87626.301951,0.000000,126601.950486,CPTY_A,2.989303
78,2019-02-15,14,112454.447254,112598.850297,0.000000,219655.281322,CPTY_A,3.027659
79,2019-03-01,14,79837.513337,80004.181155,0.000000,101170.601366,CPTY_A,3.066015
80,2019-03-15,14,94086.360686,94241.165848,0.000000,124720.356680,CPTY_A,3.104372
81,2019-03-29,14,93502.718474,94393.036763,0.000000,192918.282329,CPTY_A,3.142728
82,2019-04-12,14,108163.311223,108389.543860,0.000000,144280.257095,CPTY_A,3.181084
83,2019-04-26,14,102879.214217,102998.418507,0.000000,181474.959242,CPTY_A,3.219440
84,2019-05-10,14,75960.819739,76739.779221,0.000000,69307.119037,CPTY_A,3.257796
85,2019-05-24,14,108423.965770,108843.030712,0.000000,101116.728855,CPTY_A,3.296152
86,2019-06-07,14,102259.278600,102578.915454,0.000000,82329.204970,CPTY_A,3.334509
87,2019-06-21,14,87275.391164,87476.920206,0.000000,78297.531505,CPTY_A,3.372865
88,2019-07-05,14,115991.276232,116526.375931,0.000000,162547.836128,CPTY_A,3.411221
89,2019-07-19,14,99127.313593,99161.391410,0.000000,114915.379615,CPTY_A,3.449577
90,2019-08-02,14,86200.541713,86509.534643,0.000000,99196.407437,CPTY_A,3.487933
91,2019-08-16,14,110065.418926,110418.184969,0.000000,242187.174909,CPTY_A,3.526289
92,2019-08-30,14,98563.569716,98573.952052,0.000000,115176.740469,CPTY_A,3.564646
93,2019-09-13,14,97550.283247,97562.572150,0.000000,128514.854701,CPTY_A,3.603002
94,2019-09-27,14,85458.110324,85519.106654,0.000000,103742.278039,CPTY_A,3.641358
95,2019-10-11,14,101986.545621,105646.976390,0.000000,159020.770852,CPTY_A,3.679714
96,2019-10-25,14,78716.896314,78861.108281,0.000000,92864.366363,CPTY_A,3.718070
97,2019-11-08,14,96639.214954,96755.276322,0.000000,159815.454213,CPTY_A,3.756426
98,2019-11-22,14,100855.294118,101465.622518,0.000000,89343.029800,CPTY_A,3.794783
99,2019-12-06,14,78781.062370,78892.248897,0.000000,83881.300358,CPTY_A,3.833139
100,2019-12-20,14,87658.704054,87669.680428,0.000000,106025.033790,CPTY_A,3.871495
101,2020-01-03,14,106470.969608,106629.382690,0.000000,122316.067721,CPTY_A,3.909836
102,2020-01-17,14,107530.116338,107770.041295,0.000000,144337.606209,CPTY_A,3.948087
103,2020-01-31,14,95436.374733,95833.647694,0.000000,158599.329995,CPTY_A,3.986339
104,2020-02-14,14,103463.713634,104348.553455,0.000000,146305.161384,CPTY_A,4.024590
105,2020-02-28,14,92332.178847,92362.618212,0.000000,124675.823311,CPTY_A,4.062842
106,2020-03-13,14,113550.300626,113688.994335,0.000000,137080.780718,CPTY_A,4.101093
107,2020-03-27,18,100735.262713,101092.471641,0.000000,100983.951100,CPTY_A,4.139344
108,2020-04-14,10,107041.202042,107675.089134,0.000000,120066.468764,CPTY_A,4.188525
109,2020-04-24,17,102207.562778,102610.595646,0.000000,83432.095288,CPTY_A,4.215847
110,2020-05-11,11,105295.295017,105450.241318,0.000000,143957.388541,CPTY_A,4.262295
111,2020-05-22,14,85042.107721,85354.795856,0.000000,118737.628296,CPTY_A,4.292350
112,2020-06-05,14,100953.488656,101067.497383,0.000000,149150.417144,CPTY_A,4.330601
113,2020-06-19,17,80900.023597,81183.717372,0.000000,113561.685975,CPTY_A,4.368852
114,2020-07-06,11,107513.728315,108178.891251,0.000000,100967.458899,CPTY_A,4.415301
115,2020-07-17,14,98194.321160,98195.089449,0.000000,132596.510871,CPTY_A,4.445355
116,2020-07-31,14,72068.713998,72215.728686,0.000000,73356.812177,CPTY_A,4.483607
117,2020-08-14,14,80548.800913,80584.611059,0.000000,100603.073644,CPTY_A,4.521858
118,2020-08-28,14,77844.103879,77885.165585,0.000000,70052.706952,CPTY_A,4.560109
119,2020-09-11,14,107890.408610,108200.738166,0.000000,204660.834312,CPTY_A,4.598361
120,2020-09-25,14,98087.268229,98194.469546,0.000000,156359.512618,CPTY_A,4.636612
121,2020-10-09,14,89261.843510,89324.020731,0.000000,169976.736793,CPTY_A,4.674863
122,2020-10-23,14,77810.895257,78577.635529,0.000000,108021.376679,CPTY_A,4.713115
123,2020-11-06,14,99493.251212,99705.120377,0.000000,144408.567104,CPTY_A,4.751366
124,2020-11-20,14,77693.811949,78015.636763,0.000000,94167.974092,CPTY_A,4.789617
125,2020-12-04,14,106525.371355,107586.223731,0.000000,139631.807663,CPTY_A,4.827869
126,2020-12-18,17,79623.885094,80168.506016,0.000000,95841.329889,CPTY_A,4.866120
127,2021-01-04,11,95940.190672,97348.245929,0.000000,109466.114876,CPTY_A,4.912591
128,2021-01-15,14,93111.550879,93692.640891,0.000000,97571.506005,CPTY_A,4.942728
129,2021-01-29,14,90030.497297,90312.035503,0.000000,96466.898192,CPTY_A,4.981084
130,2021-02-12,14,105938.902604,106214.482772,0.000000,128061.787614,CPTY_A,5.019440
131,2021-02-26,14,75538.724824,75872.750080,0.000000,86364.628516,CPTY_A,5.057796
132,2021-03-12,14,98624.169161,100362.184483,0.000000,93330.461227,CPTY_A,5.096152
133,2021-03-26,14,83338.669253,83701.038604,0.000000,86615.272869,CPTY_A,5.134509
134,2021-04-09,14,70000.141216,70358.841633,0.000000,85647.655316,CPTY_A,5.172865
135,2021-04-23,14,120466.482548,121056.343766,0.000000,186482.674618,CPTY_A,5.211221
136,2021-05-07,14,109865.907877,110985.645135,0.000000,125570.796926,CPTY_A,5.249577
137,2021-05-21,14,87940.454166,87942.855179,0.000000,89282.200602,CPTY_A,5.287933
138,2021-06-04,14,69756.887673,69765.250669,0.000000,67033.273406,CPTY_A,5.326289
139,2021-06-18,14,86252.877166,86283.715089,0.000000,108254.196061,CPTY_A,5.364646
140,2021-07-02,14,83944.994346,83962.230644,0.000000,87502.018337,CPTY_A,5.403002
141,2021-07-16,14,90469.203077,91832.574519,0.000000,147780.721875,CPTY_A,5.441358
142,2021-07-30,14,121431.193779,122624.617194,0.000000,178365.063534,CPTY_A,5.479714
143,2021-08-13,14,102691.243877,104078.521528,0.000000,74323.435688,CPTY_A,5.518070
144,2021-08-27,14,65004.875783,66638.293215,0.000000,48404.493157,CPTY_A,5.556426
145,2021-09-10,14,76061.766490,76886.730678,0.000000,77284.977166,CPTY_A,5.594783
146,2021-09-24,14,75600.782636,76242.509842,0.000000,100382.797483,CPTY_A,5.633139
147,2021-10-08,14,116564.422653,116822.664962,0.000000,113150.726042,CPTY_A,5.671495
148,2021-10-22,14,88606.176612,88966.035998,0.000000,100813.053868,CPTY_A,5.709851
149,2021-11-05,14,95449.629948,96019.484628,0.000000,78722.403211,CPTY_A,5.748207
150,2021-11-19,14,97967.542099,98151.511745,0.000000,179496.396889,CPTY_A,5.786563
151,2021-12-03,14,82870.734315,83280.354203,0.000000,123926.131550,CPTY_A,5.824920
152,2021-12-17,18,82678.236919,84045.277098,0.000000,90587.422494,CPTY_A,5.863276
153,2022-01-04,10,75795.415844,75832.630153,0.000000,96486.774714,CPTY_A,5.912591
154,2022-01-14,14,87474.193646,87874.704423,0.000000,54446.793763,CPTY_A,5.939988
155,2022-01-28,14,90535.923421,90862.064038,0.000000,114080.367067,CPTY_A,5.978344
156,2022-02-11,14,80567.044669,80573.887648,0.000000,97257.844825,CPTY_A,6.016700
157,2022-02-25,14,89192.789264,89300.934967,0.000000,97667.738576,CPTY_A,6.055057
158,2022-03-11,14,81322.549351,81322.557539,0.000000,156615.036216,CPTY_A,6.093413
159,2022-03-25,14,94723.879937,96656.535762,0.000000,149381.729597,CPTY_A,6.131769
160,2022-04-08,14,82342.042543,84734.070355,0.000000,87270.173171,CPTY_A,6.170125
161,2022-04-22,14,109824.280962,110941.425142,0.000000,153492.220225,CPTY_A,6.208481
162,2022-05-06,14,90132.468646,90608.588597,0.000000,116009.586511,CPTY_A,6.246837
163,2022-05-20,14,67423.734125,67528.575996,0.000000,57489.098809,CPTY_A,6.285194
164,2022-06-03,14,91901.730442,92023.672900,0.000000,199887.185580,CPTY_A,6.323550
165,2022-06-17,14,97668.738171,97692.255675,0.000000,121079.725762,CPTY_A,6.361906
166,2022-07-01,14,89056.040059,91054.660716,0.000000,117832.417248,CPTY_A,6.400262
167,2022-07-15,14,82581.264523,82996.454905,0.000000,104991.716537,CPTY_A,6.438618
168,2022-07-29,14,62454.045228,63448.575578,0.000000,78383.767782,CPTY_A,6.476974
169,2022-08-12,14,79718.635315,80007.322456,0.000000,139869.562101,CPTY_A,6.515330
170,2022-08-26,14,87521.215123,88454.000353,0.000000,118303.697787,CPTY_A,6.553687
171,2022-09-09,14,72932.204428,72983.581630,0.000000,98538.090652,CPTY_A,6.592043
172,2022-09-23,14,67800.102708,68010.476081,0.000000,94719.054376,CPTY_A,6.630399
173,2022-10-07,14,115679.065050,116222.368870,0.000000,152058.496200,CPTY_A,6.668755
174,2022-10-21,14,83680.437365,83859.375927,0.000000,109994.046376,CPTY_A,6.707111
175,2022-11-04,14,86537.181193,86561.563021,0.000000,86182.978795,CPTY_A,6.745467
176,2022-11-18,14,87853.160738,87878.237451,0.000000,126526.517355,CPTY_A,6.783824
177,2022-12-02,14,92181.611276,92222.864022,0.000000,128076.615626,CPTY_A,6.822180
178,2022-12-16,14,88560.568014,88567.537561,0.000000,96531.233489,CPTY_A,6.860536
179,2022-12-30,14,75653.038159,75926.561457,0.000000,137955.207835,CPTY_A,6.898892
180,2023-01-13,14,82606.228729,83448.883787,0.000000,83275.843271,CPTY_A,6.937248
181,2023-01-27,14,83153.139065,83407.050095,0.000000,90436.438590,CPTY_A,6.975604
182,2023-02-10,14,89985.645445,90103.833553,0.000000,178848.650374,CPTY_A,7.013961
183,2023-02-24,14,82105.390716,82310.169025,0.000000,97904.651150,CPTY_A,7.052317
184,2023-03-10,14,86699.169366,88697.297047,0.000000,162826.069279,CPTY_A,7.090673
185,2023-03-24,18,81782.277461,81854.772291,0.000000,92294.152675,CPTY_A,7.129029
186,2023-04-11,10,87112.308012,87195.249914,0.000000,85518.408285,CPTY_A,7.178344
187,2023-04-21,14,73870.252137,74132.307516,0.000000,67255.345201,CPTY_A,7.205741
188,2023-05-05,14,81037.355847,81170.875922,0.000000,80048.788430,CPTY_A,7.244098
189,2023-05-19,14,89986.916148,90151.910342,0.000000,147360.824598,CPTY_A,7.282454
190,2023-06-02,14,105127.439706,105218.151192,0.000000,192114.965717,CPTY_A,7.320810
191,2023-06-16,14,82734.752248,82904.654624,0.000000,85587.415127,CPTY_A,7.359166
192,2023-06-30,14,79011.337899,79182.243167,0.000000,104372.291847,CPTY_A,7.397522
193,2023-07-14,14,87108.750025,87237.269787,0.000000,68490.072320,CPTY_A,7.435878
194,2023-07-28,14,80753.906058,81186.372792,0.000000,84945.460996,CPTY_A,7.474235
195,2023-08-11,14,81320.617446,81334.560100,0.000000,103786.619728,CPTY_A,7.512591
196,2023-08-25,14,98970.552295,98971.151546,0.000000,115492.262168,CPTY_A,7.550947
197,2023-09-08,14,84898.680002,85156.539801,0.000000,98438.464619,CPTY_A,7.589303
198,2023-09-22,14,90078.060174,93406.844458,0.000000,143419.367905,CPTY_A,7.627659
199,2023-10-06,14,74444.474543,74972.421680,0.000000,57415.311811,CPTY_A,7.666015
200,2023-10-20,14,99186.118016,99211.987975,0.000000,123492.953024,CPTY_A,7.704372
201,2023-11-03,14,112827.522499,112957.772846,0.000000,157539.447429,CPTY_A,7.742728
202,2023-11-17,14,80987.912381,81521.173133,0.000000,136845.910412,CPTY_A,7.781084
203,2023-12-01,14,72933.472141,73313.594997,0.000000,91634.654587,CPTY_A,7.819440
204,2023-12-15,14,104057.343024,104234.066691,0.000000,89779.278426,CPTY_A,7.857796
205,2023-12-29,14,88076.697634,89651.842319,0.000000,107226.229243,CPTY_A,7.896152
206,2024-01-12,14,82791.053107,82848.861028,0.000000,124045.503294,CPTY_A,7.934426
207,2024-01-26,14,82996.782992,84665.180050,0.000000,123092.250552,CPTY_A,7.972678
208,2024-02-09,14,96718.011648,97828.681927,0.000000,167602.760618,CPTY_A,8.010929
209,2024-02-23,14,72094.924571,72101.213391,0.000000,67729.794507,CPTY_A,8.049180
210,2024-03-08,14,97421.837733,98177.410381,0.000000,100443.381082,CPTY_A,8.087432
211,2024-03-22,14,89730.594799,90385.803996,0.000000,112784.155548,CPTY_A,8.125683
212,2024-04-05,14,90097.298330,90410.723256,0.000000,129344.653859,CPTY_A,8.163934
213,2024-04-19,14,71846.912414,72148.734072,0.000000,133873.967556,CPTY_A,8.202186
214,2024-05-03,14,107603.642818,107633.247630,0.000000,131707.164560,CPTY_A,8.240437
215,2024-05-17,14,90704.250060,91155.048457,0.000000,81181.763991,CPTY_A,8.278689
216,2024-05-31,14,117800.387194,117813.262854,0.000000,172975.988127,CPTY_A,8.316940
217,2024-06-14,14,76253.744625,76485.788465,0.000000,99662.274699,CPTY_A,8.355191
218,2024-06-28,14,75264.257576,75357.505240,0.000000,79379.662438,CPTY_A,8.393443
219,2024-07-12,14,82814.757847,83087.235384,0.000000,127153.061808,CPTY_A,8.431694
220,2024-07-26,14,106145.905533,106245.727804,0.000000,107373.757242,CPTY_A,8.469945
221,2024-08-09,14,104270.031363,104373.368009,0.000000,140149.182526,CPTY_A,8.508197
222,2024-08-23,14,88445.934390,88684.847502,0.000000,179169.880742,CPTY_A,8.546448
223,2024-09-06,14,101472.194191,101567.229313,0.000000,130798.560884,CPTY_A,8.584699
224,2024-09-20,14,86129.134717,86490.017891,0.000000,88635.929932,CPTY_A,8.622951
225,2024-10-04,14,88544.748979,88549.986271,0.000000,147087.319541,CPTY_A,8.661202
226,2024-10-18,14,103712.071298,103717.408709,0.000000,140567.729241,CPTY_A,8.699454
227,2024-11-01,14,84429.934748,84996.931352,0.000000,107142.669508,CPTY_A,8.737705
228,2024-11-15,14,81368.410839,81370.521406,0.000000,79319.368608,CPTY_A,8.775956
229,2024-11-29,14,107266.047881,108559.988299,0.000000,186051.185027,CPTY_A,8.814208
230,2024-12-13,14,105975.346613,106148.611054,0.000000,110677.659556,CPTY_A,8.852459
231,2024-12-27,14,100823.658200,100839.463055,0.000000,146968.102675,CPTY_A,8.890710
232,2025-01-10,14,81968.390569,82303.614108,0.000000,94695.798968,CPTY_A,8.929029
233,2025-01-24,14,132507.007618,132749.407871,0.000000,165859.831841,CPTY_A,8.967385
234,2025-02-07,14,72945.532243,74330.809854,0.000000,103025.534726,CPTY_A,9.005741
235,2025-02-21,14,92227.090934,92230.033640,0.000000,163007.919923,CPTY_A,9.044098
236,2025-03-07,14,89355.903048,89532.528034,0.000000,149526.963838,CPTY_A,9.082454
237,2025-03-21,14,103915.306716,103990.644914,0.000000,163354.907425,CPTY_A,9.120810
238,2025-04-04,18,89970.703368,89977.661089,0.000000,112298.470514,CPTY_A,9.159166
239,2025-04-22,10,78239.867233,78299.829408,0.000000,104825.559465,CPTY_A,9.208481
240,2025-05-02,14,110492.944503,110526.855559,0.000000,133624.548336,CPTY_A,9.235878
241,2025-05-16,14,98800.962110,99578.683908,0.000000,135994.809015,CPTY_A,9.274235
242,2025-05-30,14,86047.914620,86048.370717,0.000000,91029.447971,CPTY_A,9.312591
243,2025-06-13,14,113474.305444,113506.995770,0.000000,156951.659591,CPTY_A,9.350947
244,2025-06-27,14,83188.631524,83197.980367,0.000000,79267.363015,CPTY_A,9.389303
245,2025-07-11,14,96331.183128,96774.014684,0.000000,124560.525643,CPTY_A,9.427659
246,2025-07-25,14,100376.226841,101542.018605,0.000000,166442.966494,CPTY_A,9.466015
247,2025-08-08,14,95072.712825,95119.620341,0.000000,92109.155117,CPTY_A,9.504372
248,2025-08-22,14,107279.862783,107979.876012,0.000000,122550.172600,CPTY_A,9.542728
249,2025-09-05,14,98893.745000,98914.668421,0.000000,152708.672771,CPTY_A,9.581084
250,2025-09-19,14,109202.613281,109409.456392,0.000000,152931.533670,CPTY_A,9.619440
251,2025-10-03,14,105787.884018,105788.150422,0.000000,148363.719045,CPTY_A,9.657796
252,2025-10-17,14,79849.195101,79850.278590,0.000000,107856.082331,CPTY_A,9.696152
253,2025-10-31,14,86184.113793,86481.370673,0.000000,73187.816298,CPTY_A,9.734509
254,2025-11-14,14,105560.601982,105660.268618,0.000000,195616.900820,CPTY_A,9.772865
255,2025-11-28,14,96198.319959,96241.042186,0.000000,141059.896835,CPTY_A,9.811221
256,2025-12-12,17,76190.099178,76197.394004,0.000000,129824.084395,CPTY_A,9.849577
257,2025-12-29,11,72093.046668,72094.111675,0.000000,76085.753016,CPTY_A,9.896152
258,2026-01-09,14,90052.017717,90073.143694,0.000000,130944.185337,CPTY_A,9.926289
259,2026-01-23,14,89353.020776,90031.627398,0.000000,120891.891176,CPTY_A,9.964646
260,2026-02-06,14,97721.005650,97911.918577,0.000000,162502.073221,CPTY_A,10.003002
261,2026-02-20,14,129919.551193,130090.575432,0.000000,179473.533909,CPTY_A,10.041358
262,2026-03-06,14,118371.390490,118377.186777,0.000000,191636.060411,CPTY_A,10.079714
263,2026-03-20,18,113039.968752,113209.923800,0.000000,109696.785892,CPTY_A,10.118070
264,2026-04-07,10,111454.861995,112838.650066,0.000000,98988.214212,CPTY_A,10.167385
265,2026-04-17,18,131834.531748,131889.309971,0.000000,218444.067784,CPTY_A,10.194783
266,2026-05-05,10,103564.596984,103922.323586,0.000000,114876.722762,CPTY_A,10.244098
267,2026-05-15,14,69937.962709,69965.412642,0.000000,86017.654585,CPTY_A,10.271495
268,2026-05-29,14,100747.039704,100747.121253,0.000000,122972.472969,CPTY_A,10.309851
269,2026-06-12,14,85307.535362,87674.940551,0.000000,81742.685371,CPTY_A,10.348207
270,2026-06-26,14,105153.731225,105664.456701,0.000000,145192.099406,CPTY_A,10.386563
271,2026-07-10,14,138476.280543,138975.431146,0.000000,194093.338114,CPTY_A,10.424920
272,2026-07-24,14,113029.508585,113032.377288,0.000000,183351.789134,CPTY_A,10.463276
273,2026-08-07,14,73842.660992,73978.438758,0.000000,103209.101750,CPTY_A,10.501632
274,2026-08-21,14,91664.131569,92107.444015,0.000000,126553.213994,CPTY_A,10.539988
275,2026-09-04,14,108762.671567,108887.497451,0.000000,147870.035595,CPTY_A,10.578344
276,2026-09-18,14,89012.192100,89191.636361,0.000000,94365.007872,CPTY_A,10.616700
277,2026-10-02,14,98148.646709,100412.409514,0.000000,161082.056020,CPTY_A,10.655057
278,2026-10-16,14,103015.148648,103104.666436,0.000000,122737.683065,CPTY_A,10.693413
279,2026-10-30,14,66380.092233,68356.074501,0.000000,134180.466992,CPTY_A,10.731769
280,2026-11-13,14,111716.919757,112514.169591,0.000000,181205.184586,CPTY_A,10.770125
281,2026-11-27,14,102462.516128,103071.940544,0.000000,118931.628075,CPTY_A,10.808481
282,2026-12-11,18,73605.274039,74602.851532,0.000000,88513.818589,CPTY_A,10.846837
283,2026-12-29,10,103154.373351,103994.321259,0.000000,98538.665996,CPTY_A,10.896152
284,2027-01-08,14,76662.774417,76758.560723,0.000000,72178.086767,CPTY_A,10.923550
285,2027-01-22,14,96303.755022,96804.607763,0.000000,94044.234989,CPTY_A,10.961906
286,2027-02-05,14,94762.926129,95125.737707,0.000000,178946.983384,CPTY_A,11.000262
287,2027-02-19,14,75857.920119,79189.115307,-11482.478994,96306.441730,CPTY_A,11.038618
288,2027-03-05,14,89290.739649,89319.252858,0.000000,109937.291943,CPTY_A,11.076974
289,2027-03-19,14,70685.665342,70916.695035,0.000000,80602.693898,CPTY_A,11.115330
290,2027-04-02,14,90408.106047,90518.891879,0.000000,164837.464894,CPTY_A,11.153687
291,2027-04-16,14,90872.133934,90892.924779,0.000000,124525.391247,CPTY_A,11.192043
292,2027-04-30,14,77897.581551,77989.976679,0.000000,116430.272188,CPTY_A,11.230399
293,2027-05-14,14,86070.933427,86414.588885,0.000000,107735.543627,CPTY_A,11.268755
294,2027-05-28,14,65311.731965,66690.219571,0.000000,85723.388508,CPTY_A,11.307111
295,2027-06-11,14,70230.452944,71915.676541,0.000000,144105.955336,CPTY_A,11.345467
296,2027-06-25,14,84908.561255,85688.073150,0.000000,136526.353267,CPTY_A,11.383824
297,2027-07-09,14,92695.787265,93055.632285,0.000000,79444.460328,CPTY_A,11.422180
298,2027-07-23,14,97922.424938,97939.038307,0.000000,116321.406038,CPTY_A,11.460536
299,2027-08-06,14,91153.902994,91155.238311,0.000000,107028.411101,CPTY_A,11.498892
300,2027-08-20,14,92913.827750,92944.334340,-12592.063740,120590.819352,CPTY_A,11.537248
301,2027-09-03,14,67584.284073,67903.737014,0.000000,91181.739223,CPTY_A,11.575604
302,2027-09-17,14,86399.509751,86596.169543,0.000000,97216.979356,CPTY_A,11.613961
303,2027-10-01,14,64180.520450,64806.612581,0.000000,70598.427097,CPTY_A,11.652317
304,2027-10-15,14,77054.941624,77103.875144,0.000000,113315.031578,CPTY_A,11.690673
305,2027-10-29,14,79108.988563,79114.453478,0.000000,134780.163327,CPTY_A,11.729029
306,2027-11-12,14,86236.564851,87202.659395,0.000000,156527.440398,CPTY_A,11.767385
307,2027-11-26,14,57070.683101,57136.373166,0.000000,80714.213677,CPTY_A,11.805741
308,2027-12-10,19,70194.655965,70255.669339,0.000000,107569.173914,CPTY_A,11.844098
309,2027-12-29,9,113743.675832,113946.544231,0.000000,175034.693149,CPTY_A,11.896152
310,2028-01-07,14,78943.379318,79512.610292,0.000000,96853.250162,CPTY_A,11.920765
311,2028-01-21,14,85206.102559,88754.596445,0.000000,57757.200120,CPTY_A,11.959016
312,2028-02-04,14,93596.194875,93602.711996,0.000000,136745.907034,CPTY_A,11.997268
313,2028-02-18,14,74428.673173,74495.238447,55955.415234,103699.105602,CPTY_A,12.035519
314,2028-03-03,14,60737.085814,61283.890818,0.000000,93919.390961,CPTY_A,12.073770
315,2028-03-17,14,96209.814035,96258.749486,0.000000,113314.267133,CPTY_A,12.112022
316,2028-03-31,18,59898.724327,61064.203842,0.000000,80675.313659,CPTY_A,12.150273
317,2028-04-18,10,88007.852187,88149.174706,0.000000,99848.113401,CPTY_A,12.199454
318,2028-04-28,14,71091.103543,71893.789097,0.000000,81522.353175,CPTY_A,12.226776
319,2028-05-12,14,63542.586462,64180.621828,0.000000,65221.835201,CPTY_A,12.265027
320,2028-05-26,14,61485.418770,61528.594601,0.000000,91174.677874,CPTY_A,12.303279
321,2028-06-09,14,60154.575664,60215.009696,0.000000,88910.478209,CPTY_A,12.341530
322,2028-06-23,14,90073.588671,93243.688019,0.000000,123156.775952,CPTY_A,12.379781
323,2028-07-07,14,66673.819021,66710.063336,0.000000,70805.477195,CPTY_A,12.418033
324,2028-07-21,14,78239.112486,78938.511617,0.000000,81995.551242,CPTY_A,12.456284
325,2028-08-04,14,87727.647186,87797.568255,0.000000,97894.412937,CPTY_A,12.494536
326,2028-08-18,14,74255.766168,74273.149532,-12427.317979,165663.357178,CPTY_A,12.532787
327,2028-09-01,14,92568.032374,92682.758324,0.000000,120654.310025,CPTY_A,12.571038
328,2028-09-15,14,55035.479259,55284.128941,0.000000,89842.608778,CPTY_A,12.609290
329,2028-09-29,14,59109.722559,59114.889942,0.000000,110968.146055,CPTY_A,12.647541
330,2028-10-13,14,72597.067075,72609.482197,0.000000,80104.449897,CPTY_A,12.685792
331,2028-10-27,17,45655.374600,45817.256727,0.000000,49329.710767,CPTY_A,12.724044
332,2028-11-13,11,71033.380702,71093.113167,0.000000,94268.851909,CPTY_A,12.770492
333,2028-11-24,14,65875.286586,65895.935786,0.000000,92478.156174,CPTY_A,12.800546
334,2028-12-08,14,68782.359150,68972.636184,0.000000,145842.459719,CPTY_A,12.838798
335,2028-12-22,14,66575.149408,66605.026359,0.000000,95360.303880,CPTY_A,12.877049
336,2029-01-05,14,45575.768821,45628.258424,0.000000,63815.842220,CPTY_A,12.915330
337,2029-01-19,14,63457.590560,63457.653061,0.000000,80891.001600,CPTY_A,12.953687
338,2029-02-02,14,52387.262037,52394.782955,0.000000,68718.981257,CPTY_A,12.992043
339,2029-02-16,14,74755.477729,76300.521507,53975.868359,129132.950630,CPTY_A,13.030399
340,2029-03-02,14,70621.234214,71990.983892,0.000000,89328.733464,CPTY_A,13.068755
341,2029-03-16,18,63163.541188,63308.487061,0.000000,78264.860744,CPTY_A,13.107111
342,2029-04-03,10,53101.376454,53165.933468,0.000000,82425.802318,CPTY_A,13.156426
343,2029-04-13,14,62318.420169,62325.511342,0.000000,105949.749937,CPTY_A,13.183824
344,2029-04-27,14,63763.167203,63970.499637,0.000000,87653.011340,CPTY_A,13.222180
345,2029-05-11,14,76395.958653,76649.686314,0.000000,142898.592766,CPTY_A,13.260536
346,2029-05-25,14,66581.342136,66872.219670,0.000000,96476.622328,CPTY_A,13.298892
347,2029-06-08,14,58172.383596,58470.288283,0.000000,99530.376862,CPTY_A,13.337248
348,2029-06-22,14,63104.007164,63265.619158,0.000000,70737.946301,CPTY_A,13.375604
349,2029-07-06,14,60670.400368,60842.654203,0.000000,86842.182380,CPTY_A,13.413961
350,2029-07-20,14,61619.326237,62146.328050,0.000000,98005.552714,CPTY_A,13.452317
351,2029-08-03,14,69227.301622,70429.607068,0.000000,89267.712625,CPTY_A,13.490673
352,2029-08-17,14,60706.789545,61037.108947,0.000000,95184.795962,CPTY_A,13.529029
353,2029-08-31,14,56623.726891,56671.863958,-12480.900977,83566.958753,CPTY_A,13.567385
354,2029-09-14,14,50964.023971,50964.068882,0.000000,83041.466961,CPTY_A,13.605741
355,2029-09-28,14,66915.697585,66917.190804,0.000000,78263.111593,CPTY_A,13.644098
356,2029-10-12,14,52883.864289,52891.611241,0.000000,64901.371973,CPTY_A,13.682454
357,2029-10-26,14,67374.577394,67386.515935,0.000000,114603.985040,CPTY_A,13.720810
358,2029-11-09,14,56034.708433,56084.827634,0.000000,73462.983704,CPTY_A,13.759166
359,2029-11-23,14,61954.913171,61974.404386,0.000000,74436.889384,CPTY_A,13.797522
360,2029-12-07,14,44165.839776,44318.738987,0.000000,63670.966329,CPTY_A,13.835878
361,2029-12-21,14,54546.660183,54782.948926,0.000000,57076.628524,CPTY_A,13.874235
362,2030-01-04,14,45152.650797,45380.975348,0.000000,71288.224337,CPTY_A,13.912591
363,2030-01-18,14,61704.867413,61817.508267,0.000000,90785.545628,CPTY_A,13.950947
364,2030-02-01,14,64524.053492,64827.421215,0.000000,111355.408617,CPTY_A,13.989303
365,2030-02-15,14,58992.054774,58992.056435,59067.082813,71921.269351,CPTY_A,14.027659
366,2030-03-01,14,48585.526101,48925.284915,0.000000,67391.621153,CPTY_A,14.066015
367,2030-03-15,14,46865.058378,46901.698104,0.000000,64554.403291,CPTY_A,14.104372
368,2030-03-29,14,44538.938096,44589.067743,0.000000,44600.103884,CPTY_A,14.142728
369,2030-04-12,14,59537.972458,59543.512456,0.000000,127402.510141,CPTY_A,14.181084
370,2030-04-26,14,69537.300049,70218.493531,0.000000,84871.366092,CPTY_A,14.219440
371,2030-05-10,14,59665.955153,60191.437790,0.000000,76641.153449,CPTY_A,14.257796
372,2030-05-24,14,56216.584569,56278.506830,0.000000,92612.321417,CPTY_A,14.296152
373,2030-06-07,14,50172.617998,50237.176349,0.000000,90765.094419,CPTY_A,14.334509
374,2030-06-21,14,67675.031605,67752.874119,0.000000,77736.585689,CPTY_A,14.372865
375,2030-07-05,14,50500.665846,50626.538672,0.000000,70010.737369,CPTY_A,14.411221
376,2030-07-19,14,69419.671915,70049.218123,0.000000,125432.297380,CPTY_A,14.449577
377,2030-08-02,14,42851.769574,43098.087301,0.000000,45313.897015,CPTY_A,14.487933
378,2030-08-16,14,46916.905192,46933.824414,0.000000,47128.392777,CPTY_A,14.526289
379,2030-08-30,14,61435.650273,61436.550973,-8901.739707,109824.904999,CPTY_A,14.564646
380,2030-09-13,14,40945.626960,41578.728418,0.000000,36548.405989,CPTY_A,14.603002
381,2030-09-27,14,40677.538331,40773.827597,0.000000,56539.921378,CPTY_A,14.641358
382,2030-10-11,14,36227.285527,36382.673778,0.000000,52528.005805,CPTY_A,14.679714
383,2030-10-25,14,55256.376043,55256.376361,0.000000,50523.661955,CPTY_A,14.718070
384,2030-11-08,14,57021.816109,57054.377764,0.000000,70934.566064,CPTY_A,14.756426
385,2030-11-22,14,47084.160983,47084.371893,0.000000,81297.452631,CPTY_A,14.794783
386,2030-12-06,14,45242.538967,45283.390970,0.000000,69299.508789,CPTY_A,14.833139
387,2030-12-20,14,49330.630907,50762.685141,0.000000,64921.707490,CPTY_A,14.871495
388,2031-01-03,14,37440.262018,40187.180681,0.000000,17225.331466,CPTY_A,14.909851
389,2031-01-17,14,54756.167278,54776.891592,0.000000,73617.403923,CPTY_A,14.948207
390,2031-01-31,14,49376.866757,49487.229024,0.000000,72836.023050,CPTY_A,14.986563
391,2031-02-14,14,52182.707306,52185.207475,0.000000,83649.765739,CPTY_A,15.024920
392,2031-02-28,14,36041.798021,36042.996913,56738.772188,50421.342030,CPTY_A,15.063276
393,2031-03-14,14,48589.179835,48940.033713,0.000000,57288.309189,CPTY_A,15.101632
394,2031-03-28,18,43344.668370,44369.994846,0.000000,58063.742950,CPTY_A,15.139988
395,2031-04-15,10,48530.909446,49428.835958,0.000000,28295.715517,CPTY_A,15.189303
396,2031-04-25,14,37509.106767,37544.827387,0.000000,44327.972571,CPTY_A,15.216700
397,2031-05-09,14,36442.251542,36604.063588,0.000000,42321.511560,CPTY_A,15.255057
398,2031-05-23,14,48501.940947,48502.048948,0.000000,61758.550018,CPTY_A,15.293413
399,2031-06-06,14,42522.858172,42638.875530,0.000000,69586.064372,CPTY_A,15.331769
400,2031-06-20,17,36922.246180,37110.680775,0.000000,40056.612511,CPTY_A,15.370125
401,2031-07-07,11,49328.040737,50357.668710,0.000000,88422.812155,CPTY_A,15.416700
402,2031-07-18,17,42246.947107,42348.792367,0.000000,48567.031808,CPTY_A,15.446837
403,2031-08-04,11,46542.255338,47466.052002,0.000000,53113.650601,CPTY_A,15.493413
404,2031-08-15,14,38670.311633,39246.169022,0.000000,50025.208074,CPTY_A,15.523550
405,2031-08-29,14,42838.918757,43109.729015,-10602.673281,47483.071026,CPTY_A,15.561906
406,2031-09-12,14,38884.975257,38928.283937,0.000000,39518.078804,CPTY_A,15.600262
407,2031-09-26,14,29958.219268,30049.844722,0.000000,33434.532321,CPTY_A,15.638618
408,2031-10-10,14,31027.425814,31393.248539,0.000000,42577.742708,CPTY_A,15.676974
409,2031-10-24,14,31242.012234,31559.424211,0.000000,43828.856856,CPTY_A,15.715330
410,2031-11-07,14,30345.809962,30347.791398,0.000000,27007.262785,CPTY_A,15.753687
411,2031-11-21,14,40434.074481,40737.693378,0.000000,52023.595729,CPTY_A,15.792043
412,2031-12-05,14,35996.488303,36004.627542,0.000000,64090.077056,CPTY_A,15.830399
413,2031-12-19,17,33715.259837,33873.707163,0.000000,42075.786531,CPTY_A,15.868755
414,2032-01-05,11,40919.439670,41088.804508,0.000000,77824.964429,CPTY_A,15.915301
415,2032-01-16,14,33547.648814,33946.753481,0.000000,26651.344592,CPTY_A,15.945355
416,2032-01-30,14,31781.494175,33382.920923,0.000000,51792.505541,CPTY_A,15.983607
417,2032-02-13,14,31728.732607,33284.891169,0.000000,19340.450121,CPTY_A,16.021858
418,2032-02-27,14,19793.354711,19859.131004,52693.602422,30550.676368,CPTY_A,16.060109
419,2032-03-12,18,41631.127395,41663.124195,0.000000,49462.100769,CPTY_A,16.098361
420,2032-03-30,10,37978.339957,38002.787635,0.000000,39413.482149,CPTY_A,16.147541
421,2032-04-09,14,24665.770844,24676.517072,0.000000,25987.900456,CPTY_A,16.174863
422,2032-04-23,14,29423.163362,29607.641195,0.000000,36335.413174,CPTY_A,16.213115
423,2032-05-07,14,39244.223567,39255.585553,0.000000,63935.208536,CPTY_A,16.251366
424,2032-05-21,14,29583.698084,29596.879367,0.000000,29309.541487,CPTY_A,16.289617
425,2032-06-04,14,35534.256491,35715.403093,0.000000,44994.010270,CPTY_A,16.327869
426,2032-06-18,14,29026.700559,29592.184600,0.000000,41595.472922,CPTY_A,16.366120
427,2032-07-02,14,35376.060741,35432.803267,0.000000,40647.203753,CPTY_A,16.404372
428,2032-07-16,14,25332.505568,25802.412005,0.000000,37409.292620,CPTY_A,16.442623
429,2032-07-30,14,38079.990839,38108.757078,0.000000,36525.048177,CPTY_A,16.480874
430,2032-08-13,14,30220.519949,30325.676376,0.000000,39176.201491,CPTY_A,16.519126
431,2032-08-27,14,25428.005647,25600.497623,-13605.323452,32495.643272,CPTY_A,16.557377
432,2032-09-10,14,30580.125501,30939.954132,0.000000,25718.911397,CPTY_A,16.595628
433,2032-09-24,14,21105.101425,21120.177616,0.000000,28294.497064,CPTY_A,16.633880
434,2032-10-08,14,28456.007982,28647.254839,0.000000,48374.063968,CPTY_A,16.672131
435,2032-10-22,14,26740.419024,26747.432584,0.000000,32929.156290,CPTY_A,16.710383
436,2032-11-05,14,19157.316134,19500.778270,0.000000,26439.245463,CPTY_A,16.748634
437,2032-11-19,14,29525.409024,29538.280397,0.000000,31820.424482,CPTY_A,16.786885
438,2032-12-03,14,28126.919904,28227.321475,0.000000,32423.475546,CPTY_A,16.825137
439,2032-12-17,18,28783.700284,28787.469497,0.000000,46432.288607,CPTY_A,16.863388
440,2033-01-04,10,17465.747391,17553.790066,0.000000,22821.138775,CPTY_A,16.912591
441,2033-01-14,14,23641.571642,24179.906877,0.000000,40037.195645,CPTY_A,16.939988
442,2033-01-28,14,24330.311753,25235.408969,0.000000,23214.337066,CPTY_A,16.978344
443,2033-02-11,14,23900.776886,23996.154643,0.000000,20102.248978,CPTY_A,17.016700
444,2033-02-25,14,28060.484508,28545.396170,50616.807305,16274.119767,CPTY_A,17.055057
445,2033-03-11,14,22617.617616,22731.517474,0.000000,23159.605443,CPTY_A,17.093413
446,2033-03-25,14,20880.733217,20882.397063,0.000000,26873.775344,CPTY_A,17.131769
447,2033-04-08,14,22806.023876,23118.418287,0.000000,36609.314664,CPTY_A,17.170125
448,2033-04-22,14,20810.048026,21121.234311,0.000000,34070.924162,CPTY_A,17.208481
449,2033-05-06,14,19329.107825,19347.417705,0.000000,33336.466349,CPTY_A,17.246837
450,2033-05-20,14,21182.135534,21281.437541,0.000000,30506.878915,CPTY_A,17.285194
451,2033-06-03,14,21404.072328,21701.040570,0.000000,31733.246937,CPTY_A,17.323550
452,2033-06-17,14,26751.136136,26769.174928,0.000000,36122.859281,CPTY_A,17.361906
453,2033-07-01,14,19186.200082,19291.749715,0.000000,24230.170225,CPTY_A,17.400262
454,2033-07-15,14,20187.964005,20193.129033,0.000000,37583.522168,CPTY_A,17.438618
455,2033-07-29,14,28335.837872,28341.913857,0.000000,28962.779894,CPTY_A,17.476974
456,2033-08-12,14,24125.646373,24519.670068,0.000000,33657.611386,CPTY_A,17.515330
457,2033-08-26,14,19805.563726,19807.193538,-14529.047578,26706.355949,CPTY_A,17.553687
458,2033-09-09,14,12168.702972,12246.169491,0.000000,18359.580653,CPTY_A,17.592043
459,2033-09-23,14,19818.657904,19819.525700,0.000000,28709.866617,CPTY_A,17.630399
460,2033-10-07,14,19645.763766,19646.966413,0.000000,17787.031564,CPTY_A,17.668755
461,2033-10-21,14,17147.665064,17168.950643,0.000000,27585.928567,CPTY_A,17.707111
462,2033-11-04,14,17177.431951,17280.240227,0.000000,25462.223835,CPTY_A,17.745467
463,2033-11-18,14,20467.970159,20486.254433,0.000000,21882.816093,CPTY_A,17.783824
464,2033-12-02,14,16728.092894,16771.795655,0.000000,16197.634216,CPTY_A,17.822180
465,2033-12-16,14,18039.350290,18452.435204,0.000000,24932.976000,CPTY_A,17.860536
466,2033-12-30,14,15317.412034,15457.974828,0.000000,17613.448845,CPTY_A,17.898892
467,2034-01-13,14,17222.558523,17250.861853,0.000000,22127.129644,CPTY_A,17.937248
468,2034-01-27,14,18417.434202,18444.480165,0.000000,32045.448959,CPTY_A,17.975604
469,2034-02-10,14,11628.735945,11680.629072,0.000000,15986.392386,CPTY_A,18.013961
470,2034-02-24,14,15802.152847,15851.311024,49082.122344,19895.873274,CPTY_A,18.052317
471,2034-03-10,14,11411.957886,11440.155050,0.000000,11920.840471,CPTY_A,18.090673
472,2034-03-24,18,14609.981023,14702.183776,0.000000,17149.689250,CPTY_A,18.129029
473,2034-04-11,10,14421.324046,14537.968055,0.000000,17306.229045,CPTY_A,18.178344
474,2034-04-21,14,13096.656278,13196.918494,0.000000,18029.798273,CPTY_A,18.205741
475,2034-05-05,14,14298.106078,14422.913951,0.000000,14654.680081,CPTY_A,18.244098
476,2034-05-19,14,13696.089187,13728.826412,0.000000,21032.470291,CPTY_A,18.282454
477,2034-06-02,14,16270.245095,16328.309340,0.000000,30820.194557,CPTY_A,18.320810
478,2034-06-16,14,9567.916979,9572.649298,0.000000,8069.048042,CPTY_A,18.359166
479,2034-06-30,14,15260.427996,15664.919355,0.000000,19864.275298,CPTY_A,18.397522
480,2034-07-14,14,10725.523107,10814.274982,0.000000,17203.036358,CPTY_A,18.435878
481,2034-07-28,14,10954.805084,11777.840501,0.000000,18462.814236,CPTY_A,18.474235
482,2034-08-11,14,12003.532148,12841.665591,0.000000,10917.421058,CPTY_A,18.512591
483,2034-08-25,14,13975.414157,13984.064234,-15419.523203,20979.937059,CPTY_A,18.550947
484,2034-09-08,14,10808.357768,10921.859805,0.000000,13179.812214,CPTY_A,18.589303
485,2034-09-22,14,7397.327344,7400.035075,0.000000,13477.270094,CPTY_A,18.627659
486,2034-10-06,14,8684.698086,8703.277366,0.000000,11330.787791,CPTY_A,18.666015
487,2034-10-20,14,8065.439181,8077.342114,0.000000,11098.242846,CPTY_A,18.704372
488,2034-11-03,14,6475.682008,6690.828898,0.000000,11422.218414,CPTY_A,18.742728
489,2034-11-17,14,7786.298631,7804.662050,0.000000,10248.620034,CPTY_A,18.781084
490,2034-12-01,14,6479.433576,6631.784723,0.000000,10568.896975,CPTY_A,18.819440
491,2034-12-15,14,9415.280766,9690.664893,0.000000,13676.046357,CPTY_A,18.857796
492,2034-12-29,14,7022.431835,7022.825088,0.000000,8229.337743,CPTY_A,18.896152
493,2035-01-12,14,9736.878267,9774.562413,0.000000,11914.637761,CPTY_A,18.934509
494,2035-01-26,14,8722.133673,8733.399636,0.000000,12893.263569,CPTY_A,18.972865
495,2035-02-09,14,7890.224677,7908.455671,0.000000,13089.195855,CPTY_A,19.011221
496,2035-02-23,14,10378.659657,10396.020678,46696.936563,13485.961356,CPTY_A,19.049577
497,2035-03-09,18,4775.151998,4785.779017,0.000000,7572.275025,CPTY_A,19.087933
498,2035-03-27,10,4435.940290,4436.606313,0.000000,5522.659815,CPTY_A,19.137248
499,2035-04-06,14,3497.987527,3522.863624,0.000000,3092.971837,CPTY_A,19.164646
500,2035-04-20,14,3780.352408,3991.365941,0.000000,6821.754069,CPTY_A,19.203002
501,2035-05-04,14,4327.524904,4460.929779,0.000000,4107.662762,CPTY_A,19.241358
502,2035-05-18,14,4549.576089,4606.848519,0.000000,3798.423373,CPTY_A,19.279714
503,2035-06-01,14,3347.755465,3367.022803,0.000000,5510.145246,CPTY_A,19.318070
504,2035-06-15,14,4268.435095,4268.454003,0.000000,4415.344869,CPTY_A,19.356426
505,2035-06-29,14,4251.958430,4340.173482,0.000000,3670.074034,CPTY_A,19.394783
506,2035-07-13,14,2997.041436,3011.119614,0.000000,4321.900673,CPTY_A,19.433139
507,2035-07-27,14,5774.736181,5785.638456,0.000000,8009.024145,CPTY_A,19.471495
508,2035-08-10,14,5294.715326,5294.784925,0.000000,5842.593849,CPTY_A,19.509851
509,2035-08-24,14,3475.029221,3487.026790,-15799.884368,4148.307576,CPTY_A,19.548207
510,2035-09-07,14,62.221311,67.339348,0.000000,105.555524,CPTY_A,19.586563
511,2035-09-21,14,86.749383,87.357167,0.000000,91.392306,CPTY_A,19.624920
512,2035-10-05,14,97.780477,99.963513,0.000000,111.730886,CPTY_A,19.663276
513,2035-10-19,14,69.839220,80.416807,0.000000,106.194096,CPTY_A,19.701632
514,2035-11-02,14,73.400115,75.523043,0.000000,73.302797,CPTY_A,19.739988
515,2035-11-16,14,80.957731,81.778503,0.000000,53.820692,CPTY_A,19.778344
516,2035-11-30,14,60.810327,63.719818,0.000000,68.652048,CPTY_A,19.816700
517,2035-12-14,14,55.731897,58.896891,0.000000,62.349090,CPTY_A,19.855057
518,2035-12-28,14,63.942694,66.217399,0.000000,49.178779,CPTY_A,19.893413
519,2036-01-11,14,63.126279,65.622037,0.000000,59.836267,CPTY_A,19.931694
520,2036-01-25,14,68.512567,71.287472,0.000000,56.742814,CPTY_A,19.969945
521,2036-02-08,14,60.495953,63.765299,0.000000,57.522024,CPTY_A,20.008197
522,2036-02-22,14,43.120353,45.768858,45155.176914,45.920208,CPTY_A,20.046448
523,2036-03-07,14,0.000000,0.000000,0.000000,0.000000,CPTY_A,20.084699
524,2036-03-21,14,0.000000,0.000000,0.000000,0.000000,CPTY_A,20.122951
525,2036-04-04,14,0.000000,0.000000,0.000000,0.000000,CPTY_A,20.161202
526,2036-04-18,14,0.000000,0.000000,0.000000,0.000000,CPTY_A,20.199454
527,2036-05-02,14,0.000000,0.000000,0.000000,0.000000,CPTY_A,20.237705
528,2036-05-16,14,0.000000,0.000000,0.000000,0.000000,CPTY_A,20.275956
529,2036-05-30,14,0.000000,0.000000,0.000000,0.000000,CPTY_A,20.314208
530,2036-06-13,14,0.000000,0.000000,0.000000,0.000000,CPTY_A,20.352459
531,2036-06-27,14,0.000000,0.000000,0.000000,0.000000,CPTY_A,20.390710
532,2036-07-11,14,0.000000,0.000000,0.000000,0.000000,CPTY_A,20.428962
533,2036-07-25,14,0.000000,0.000000,0.000000,0.000000,CPTY_A,20.467213
534,2036-08-08,14,0.000000,0.000000,0.000000,0.000000,CPTY_A,20.505464
535,2036-08-22,14,0.000000,0.000000,0.000000,0.000000,CPTY_A,20.543716
536,2036-09-05,14,0.000000,0.000000,0.000000,0.000000,CPTY_A,20.581967
537,2036-09-19,14,0.000000,0.000000,0.000000,0.000000,CPTY_A,20.620219
538,2036-10-03,14,0.000000,0.000000,0.000000,0.000000,CPTY_A,20.658470
