#TimeStep,Date,DaysInPeriod,ZeroOrderDIM,AverageDIM,AverageFLOW,SimpleDIM,NettingSet,Time
0,2016-02-19,14,90232.039393,89777.962807,0.000000,102004.028276,CPTY_A,0.038251
1,2016-03-04,14,86561.864087,86044.130624,0.000000,89548.404666,CPTY_A,0.076503
2,2016-03-18,14,87646.428769,86752.363954,0.000000,90314.416443,CPTY_A,0.114754
3,2016-04-01,14,89551.623435,88404.898710,0.000000,99523.102607,CPTY_A,0.153005
4,2016-04-15,14,89112.312188,87420.548907,0.000000,98472.289032,CPTY_A,0.191257
5,2016-04-29,14,89042.652608,87215.915100,0.000000,98378.555241,CPTY_A,0.229508
6,2016-05-13,14,89417.629445,87325.996693,0.000000,99452.380199,CPTY_A,0.267760
7,2016-05-27,14,90931.813225,88885.750630,0.000000,95715.600430,CPTY_A,0.306011
8,2016-06-10,14,87303.202984,85031.286561,0.000000,99077.119900,CPTY_A,0.344262
9,2016-06-24,14,89831.106772,86601.304241,0.000000,103055.552270,CPTY_A,0.382514
10,2016-07-08,14,88231.855590,86075.824240,0.000000,99127.042538,CPTY_A,0.420765
11,2016-07-22,14,92314.742256,87400.461030,0.000000,106957.630750,CPTY_A,0.459016
12,2016-08-05,14,89738.200900,86120.068549,0.000000,93694.829028,CPTY_A,0.497268
13,2016-08-19,14,91015.163234,87529.256762,0.000000,103070.043226,CPTY_A,0.535519
14,2016-09-02,14,89082.060220,85729.672116,0.000000,105547.525951,CPTY_A,0.573770
15,2016-09-16,14,90002.018477,86007.180946,0.000000,97046.439374,CPTY_A,0.612022
16,2016-09-30,14,91387.757553,87035.413526,0.000000,103376.745283,CPTY_A,0.650273
17,2016-10-14,14,98052.237915,92346.033261,0.000000,113484.810282,CPTY_A,0.688525
18,2016-10-28,17,85039.331953,80870.951675,0.000000,89532.184845,CPTY_A,0.726776
19,2016-11-14,11,91645.956164,86640.916346,0.000000,98802.876140,CPTY_A,0.773224
20,2016-11-25,14,92442.183597,87064.181441,0.000000,121485.606202,CPTY_A,0.803279
21,2016-12-09,14,94611.939365,87531.999864,0.000000,109429.800680,CPTY_A,0.841530
22,2016-12-23,14,89927.167466,85043.755882,0.000000,104502.157497,CPTY_A,0.879781
23,2017-01-06,14,93544.650898,86634.970336,0.000000,111876.768531,CPTY_A,0.918070
24,2017-01-20,14,93783.752724,87139.310405,0.000000,110473.819073,CPTY_A,0.956426
25,2017-02-03,14,92540.102851,86324.616053,0.000000,103542.367633,CPTY_A,0.994783
26,2017-02-17,14,91474.657057,85994.730430,0.000000,98578.267961,CPTY_A,1.033139
27,2017-03-03,14,93156.978341,85721.895948,0.000000,111106.695441,CPTY_A,1.071495
28,2017-03-17,14,93539.070064,86173.463354,0.000000,105184.220964,CPTY_A,1.109851
29,2017-03-31,18,96296.290952,88209.838868,0.000000,121477.201209,CPTY_A,1.148207
30,2017-04-18,10,94289.711321,87244.029024,0.000000,113381.057221,CPTY_A,1.197522
31,2017-04-28,14,95452.108143,88526.956512,0.000000,115563.951170,CPTY_A,1.224920
32,2017-05-12,14,102390.650900,94143.886181,0.000000,113945.519959,CPTY_A,1.263276
33,2017-05-26,14,85166.265712,78917.028274,0.000000,100627.210279,CPTY_A,1.301632
34,2017-06-09,14,93806.830978,85736.002017,0.000000,102269.110734,CPTY_A,1.339988
35,2017-06-23,14,96574.269712,88093.272277,0.000000,113854.303745,CPTY_A,1.378344
36,2017-07-07,14,91353.530546,84370.534054,0.000000,108701.237507,CPTY_A,1.416700
37,2017-07-21,14,93600.359656,86611.108423,0.000000,115477.278223,CPTY_A,1.455057
38,2017-08-04,14,94283.649789,86605.599529,0.000000,109737.938960,CPTY_A,1.493413
39,2017-08-18,14,94591.633335,87281.196625,0.000000,104095.354013,CPTY_A,1.531769
40,2017-09-01,14,92100.737058,85744.578489,0.000000,114232.379885,CPTY_A,1.570125
41,2017-09-15,14,94141.880218,86970.394250,0.000000,109608.130883,CPTY_A,1.608481
42,2017-09-29,14,93736.668886,86532.618592,0.000000,105118.212541,CPTY_A,1.646837
43,2017-10-13,14,96628.403295,88082.001976,0.000000,120826.491427,CPTY_A,1.685194
44,2017-10-27,17,94728.214034,86591.944640,0.000000,113769.851994,CPTY_A,1.723550
45,2017-11-13,11,94421.835198,86883.265689,0.000000,103284.663965,CPTY_A,1.770125
46,2017-11-24,14,96608.780685,87883.660776,0.000000,116252.477669,CPTY_A,1.800262
47,2017-12-08,14,99671.254340,90575.229891,0.000000,127363.329561,CPTY_A,1.838618
48,2017-12-22,14,94859.537856,86840.005380,0.000000,114416.943074,CPTY_A,1.876974
49,2018-01-05,14,96854.995877,88412.412616,0.000000,111216.408150,CPTY_A,1.915330
50,2018-01-19,14,95469.598093,87622.851016,0.000000,111882.147534,CPTY_A,1.953687
51,2018-02-02,14,95253.681193,86869.822543,0.000000,116792.897692,CPTY_A,1.992043
52,2018-02-16,14,97390.476196,88606.853451,0.000000,117122.183344,CPTY_A,2.030399
53,2018-03-02,14,112960.350317,103664.908200,0.000000,135987.400955,CPTY_A,2.068755
54,2018-03-16,18,75671.140140,69064.055602,0.000000,104532.918487,CPTY_A,2.107111
55,2018-04-03,10,93948.728531,85973.378563,0.000000,127114.566538,CPTY_A,2.156426
56,2018-04-13,14,100306.169344,90793.390059,0.000000,118229.056845,CPTY_A,2.183824
57,2018-04-27,14,95377.827362,86765.360715,0.000000,127297.112126,CPTY_A,2.222180
58,2018-05-11,14,96928.525524,88034.353162,0.000000,121002.368897,CPTY_A,2.260536
59,2018-05-25,14,96182.643653,87539.194910,0.000000,116163.136662,CPTY_A,2.298892
60,2018-06-08,14,97375.071491,88252.878485,0.000000,122622.892840,CPTY_A,2.337248
61,2018-06-22,14,99559.131134,89958.414720,0.000000,128752.198705,CPTY_A,2.375604
62,2018-07-06,14,97678.899502,88431.185036,0.000000,136084.833482,CPTY_A,2.413961
63,2018-07-20,14,97239.702891,88430.601810,0.000000,124577.803411,CPTY_A,2.452317
64,2018-08-03,14,94486.993262,86122.164845,0.000000,119586.829015,CPTY_A,2.490673
65,2018-08-17,14,97864.627589,89073.918962,0.000000,122630.330100,CPTY_A,2.529029
66,2018-08-31,14,103989.129702,94529.268546,0.000000,113178.297183,CPTY_A,2.567385
67,2018-09-14,14,91933.514337,83522.453085,0.000000,109306.969444,CPTY_A,2.605741
68,2018-09-28,14,100875.998261,91431.166841,0.000000,118208.637070,CPTY_A,2.644098
69,2018-10-12,14,97869.316725,88550.015445,0.000000,113923.952980,CPTY_A,2.682454
70,2018-10-26,14,97903.155127,89075.251479,0.000000,129875.053306,CPTY_A,2.720810
71,2018-11-09,14,100083.994765,90783.709281,0.000000,132322.889562,CPTY_A,2.759166
72,2018-11-23,14,98268.243964,89568.069176,0.000000,133338.689665,CPTY_A,2.797522
73,2018-12-07,14,100069.084156,90914.510843,0.000000,136266.774940,CPTY_A,2.835878
74,2018-12-21,14,105852.013368,96011.045486,0.000000,134728.811275,CPTY_A,2.874235
75,2019-01-04,14,104023.852040,94299.507674,0.000000,129590.745477,CPTY_A,2.912591
76,2019-01-18,14,94514.535486,85709.551365,0.000000,116050.871665,CPTY_A,2.950947
77,2019-02-01,14,96494.569665,87761.545471,0.000000,126721.393337,CPTY_A,2.989303
78,2019-02-15,14,98582.345372,89665.168943,0.000000,130745.876281,CPTY_A,3.027659
79,2019-03-01,14,103663.237577,93858.160519,0.000000,123692.275141,CPTY_A,3.066015
80,2019-03-15,14,96346.807331,88088.688207,0.000000,114669.095755,CPTY_A,3.104372
81,2019-03-29,14,99714.162757,90601.253915,0.000000,133770.918749,CPTY_A,3.142728
82,2019-04-12,14,102068.144327,92885.628351,0.000000,136283.237978,CPTY_A,3.181084
83,2019-04-26,14,98193.720784,88874.318295,0.000000,117943.113556,CPTY_A,3.219440
84,2019-05-10,14,99279.004440,90103.962744,0.000000,125445.374055,CPTY_A,3.257796
85,2019-05-24,14,98720.182164,89693.114989,0.000000,129349.939827,CPTY_A,3.296152
86,2019-06-07,14,100207.285003,90770.877791,0.000000,119187.946452,CPTY_A,3.334509
87,2019-06-21,14,99842.760046,90924.125954,0.000000,138013.941155,CPTY_A,3.372865
88,2019-07-05,14,96732.209966,88249.588884,0.000000,134059.282606,CPTY_A,3.411221
89,2019-07-19,14,102491.687218,93078.713712,0.000000,132283.711945,CPTY_A,3.449577
90,2019-08-02,14,102210.182039,93062.682805,0.000000,148184.377095,CPTY_A,3.487933
91,2019-08-16,14,101580.044952,92477.839774,0.000000,130651.185222,CPTY_A,3.526289
92,2019-08-30,14,102843.786584,93164.042448,0.000000,121757.771900,CPTY_A,3.564646
93,2019-09-13,14,107456.169428,97155.012340,0.000000,128605.845887,CPTY_A,3.603002
94,2019-09-27,14,103031.233988,93761.708142,0.000000,148784.220697,CPTY_A,3.641358
95,2019-10-11,14,105777.828336,96860.249697,0.000000,137346.690960,CPTY_A,3.679714
96,2019-10-25,14,93852.053372,86359.065311,0.000000,102701.179758,CPTY_A,3.718070
97,2019-11-08,14,99802.425997,90817.112253,0.000000,134362.069418,CPTY_A,3.756426
98,2019-11-22,14,102083.884958,92912.992033,0.000000,120199.816741,CPTY_A,3.794783
99,2019-12-06,14,98924.417302,90144.261513,0.000000,129982.681732,CPTY_A,3.833139
100,2019-12-20,14,100712.754119,91960.250908,0.000000,138745.832517,CPTY_A,3.871495
101,2020-01-03,14,98132.269688,89432.787256,0.000000,125076.184943,CPTY_A,3.909836
102,2020-01-17,14,97141.586683,88892.995666,0.000000,130346.301118,CPTY_A,3.948087
103,2020-01-31,14,100794.976377,92376.988203,0.000000,130960.826138,CPTY_A,3.986339
104,2020-02-14,14,101986.668228,93301.241477,0.000000,140806.731813,CPTY_A,4.024590
105,2020-02-28,14,101709.436114,93102.256021,0.000000,116255.848043,CPTY_A,4.062842
106,2020-03-13,14,100008.563600,91867.957428,0.000000,134071.402503,CPTY_A,4.101093
107,2020-03-27,18,100843.880474,92339.271567,0.000000,137896.764125,CPTY_A,4.139344
108,2020-04-14,10,103823.403147,94963.141402,0.000000,137003.906654,CPTY_A,4.188525
109,2020-04-24,17,103920.289438,95043.286597,0.000000,124367.047634,CPTY_A,4.215847
110,2020-05-11,11,103022.012561,94450.609064,0.000000,144080.178178,CPTY_A,4.262295
111,2020-05-22,14,105589.006100,96746.397627,0.000000,131586.777324,CPTY_A,4.292350
112,2020-06-05,14,98989.311058,91107.473764,0.000000,124362.667249,CPTY_A,4.330601
113,2020-06-19,17,100876.746209,92695.175996,0.000000,127833.050500,CPTY_A,4.368852
114,2020-07-06,11,101535.208996,93400.665897,0.000000,124988.932685,CPTY_A,4.415301
115,2020-07-17,14,100159.183590,92424.776543,0.000000,126817.376037,CPTY_A,4.445355
116,2020-07-31,14,97174.178001,89598.208599,0.000000,118231.732520,CPTY_A,4.483607
117,2020-08-14,14,104642.397747,96474.897320,0.000000,136953.096244,CPTY_A,4.521858
118,2020-08-28,14,103843.611434,95780.038065,0.000000,141336.336271,CPTY_A,4.560109
119,2020-09-11,14,100242.218399,92344.793838,0.000000,118327.010571,CPTY_A,4.598361
120,2020-09-25,14,105004.609172,96715.376382,0.000000,146285.038221,CPTY_A,4.636612
121,2020-10-09,14,101525.724135,93597.820605,0.000000,138747.116813,CPTY_A,4.674863
122,2020-10-23,14,103502.979301,95446.658169,0.000000,144987.330626,CPTY_A,4.713115
123,2020-11-06,14,101995.734144,94060.977722,0.000000,142369.557866,CPTY_A,4.751366
124,2020-11-20,14,99495.244695,91849.570201,0.000000,124623.344007,CPTY_A,4.789617
125,2020-12-04,14,103031.389170,95033.694069,0.000000,142897.507865,CPTY_A,4.827869
126,2020-12-18,17,106780.863305,98408.046366,0.000000,151455.493626,CPTY_A,4.866120
127,2021-01-04,11,95343.965633,88034.165541,0.000000,118665.712488,CPTY_A,4.912591
128,2021-01-15,14,110507.710747,102118.829009,0.000000,141871.729243,CPTY_A,4.942728
129,2021-01-29,14,102541.140881,94673.273286,0.000000,122307.638076,CPTY_A,4.981084
130,2021-02-12,14,100957.272001,93391.344329,0.000000,124196.990432,CPTY_A,5.019440
131,2021-02-26,14,102916.349918,95406.660590,0.000000,151951.799343,CPTY_A,5.057796
132,2021-03-12,14,104041.296387,96219.491454,0.000000,128971.660306,CPTY_A,5.096152
133,2021-03-26,14,99125.180339,91662.310907,0.000000,121640.981820,CPTY_A,5.134509
134,2021-04-09,14,100917.615536,93215.960411,0.000000,128918.696635,CPTY_A,5.172865
135,2021-04-23,14,103002.621126,95247.142690,0.000000,125697.950036,CPTY_A,5.211221
136,2021-05-07,14,108485.886624,100445.324862,0.000000,147232.315023,CPTY_A,5.249577
137,2021-05-21,14,103622.148579,95781.896478,0.000000,132697.072929,CPTY_A,5.287933
138,2021-06-04,14,103862.447075,96150.676343,0.000000,153055.550667,CPTY_A,5.326289
139,2021-06-18,14,101217.517548,93933.791600,0.000000,136749.709204,CPTY_A,5.364646
140,2021-07-02,14,102995.521641,95498.933027,0.000000,128597.440215,CPTY_A,5.403002
141,2021-07-16,14,99120.496491,92159.938590,0.000000,131424.195356,CPTY_A,5.441358
142,2021-07-30,14,108813.672902,101143.981576,0.000000,134981.836023,CPTY_A,5.479714
143,2021-08-13,14,102980.640361,95632.554880,0.000000,121121.343454,CPTY_A,5.518070
144,2021-08-27,14,104643.346933,97151.237644,0.000000,140503.141710,CPTY_A,5.556426
145,2021-09-10,14,104051.098186,96534.640433,0.000000,157527.347761,CPTY_A,5.594783
146,2021-09-24,14,105164.016812,97654.969515,0.000000,144801.645653,CPTY_A,5.633139
147,2021-10-08,14,103537.738549,96312.116072,0.000000,135738.620492,CPTY_A,5.671495
148,2021-10-22,14,102060.195586,95282.746908,0.000000,123582.302173,CPTY_A,5.709851
149,2021-11-05,14,102031.716587,95156.386478,0.000000,139044.293287,CPTY_A,5.748207
150,2021-11-19,14,100623.803583,94245.434652,0.000000,124226.335872,CPTY_A,5.786563
151,2021-12-03,14,106869.337348,100204.224711,0.000000,139626.634972,CPTY_A,5.824920
152,2021-12-17,18,111845.171460,104892.198065,0.000000,177081.460934,CPTY_A,5.863276
153,2022-01-04,10,105491.361471,98976.330299,0.000000,135466.992369,CPTY_A,5.912591
154,2022-01-14,14,103479.630424,97113.867366,0.000000,136043.986050,CPTY_A,5.939988
155,2022-01-28,14,104950.149149,98695.552265,0.000000,138713.593387,CPTY_A,5.978344
156,2022-02-11,14,99567.252824,93625.209957,0.000000,114382.492088,CPTY_A,6.016700
157,2022-02-25,14,107620.814344,101032.239510,0.000000,136801.748870,CPTY_A,6.055057
158,2022-03-11,14,104091.986348,97748.857779,0.000000,134160.277395,CPTY_A,6.093413
159,2022-03-25,14,101004.432462,94925.985059,0.000000,137872.763825,CPTY_A,6.131769
160,2022-04-08,14,103324.989416,97082.241915,0.000000,140798.691966,CPTY_A,6.170125
161,2022-04-22,14,100965.279582,94886.619747,0.000000,128915.334336,CPTY_A,6.208481
162,2022-05-06,14,102913.181534,96784.595471,0.000000,132633.168722,CPTY_A,6.246837
163,2022-05-20,14,103535.502939,97544.844233,0.000000,120197.335264,CPTY_A,6.285194
164,2022-06-03,14,100189.162139,94416.783533,0.000000,130747.088481,CPTY_A,6.323550
165,2022-06-17,14,101502.336047,95649.203649,0.000000,126325.341730,CPTY_A,6.361906
166,2022-07-01,14,98591.617282,92820.563766,0.000000,133618.267039,CPTY_A,6.400262
167,2022-07-15,14,101077.506460,95224.816960,0.000000,142225.108904,CPTY_A,6.438618
168,2022-07-29,14,101204.202991,95317.953509,0.000000,133838.070751,CPTY_A,6.476974
169,2022-08-12,14,101430.036712,95701.997595,0.000000,153878.806566,CPTY_A,6.515330
170,2022-08-26,14,103539.389878,97582.772930,0.000000,129095.522063,CPTY_A,6.553687
171,2022-09-09,14,102710.555469,96806.339480,0.000000,131169.257032,CPTY_A,6.592043
172,2022-09-23,14,103804.737619,97815.376171,0.000000,141842.816229,CPTY_A,6.630399
173,2022-10-07,14,105282.011168,99320.646737,0.000000,132989.654135,CPTY_A,6.668755
174,2022-10-21,14,103875.033795,98153.776711,0.000000,129748.220320,CPTY_A,6.707111
175,2022-11-04,14,102061.368846,96535.720635,0.000000,130417.150013,CPTY_A,6.745467
176,2022-11-18,14,106690.087940,100950.307546,0.000000,127008.864850,CPTY_A,6.783824
177,2022-12-02,14,107322.368348,101905.014521,0.000000,134377.467660,CPTY_A,6.822180
178,2022-12-16,14,108406.029326,102948.704112,0.000000,141679.218731,CPTY_A,6.860536
179,2022-12-30,14,109379.920488,103827.124828,0.000000,139918.749009,CPTY_A,6.898892
180,2023-01-13,14,96989.208704,92117.629713,0.000000,136341.484826,CPTY_A,6.937248
181,2023-01-27,14,102670.528705,97481.536839,0.000000,140591.603862,CPTY_A,6.975604
182,2023-02-10,14,101581.210833,96429.855498,0.000000,134651.805268,CPTY_A,7.013961
183,2023-02-24,14,108877.134317,103404.030349,0.000000,138702.125970,CPTY_A,7.052317
184,2023-03-10,14,111602.067299,106158.801070,0.000000,157308.706119,CPTY_A,7.090673
185,2023-03-24,18,102843.867693,97842.003180,0.000000,140549.744505,CPTY_A,7.129029
186,2023-04-11,10,107143.404106,101923.046501,0.000000,137547.194921,CPTY_A,7.178344
187,2023-04-21,14,107611.950190,102287.702765,0.000000,143034.569816,CPTY_A,7.205741
188,2023-05-05,14,102056.355497,97096.630821,0.000000,135072.474967,CPTY_A,7.244098
189,2023-05-19,14,100501.893190,95502.077875,0.000000,133920.508473,CPTY_A,7.282454
190,2023-06-02,14,104954.896000,99687.062792,0.000000,149299.710626,CPTY_A,7.320810
191,2023-06-16,14,100605.989605,95549.730190,0.000000,134102.317404,CPTY_A,7.359166
192,2023-06-30,14,100335.314706,95447.049333,0.000000,134504.355990,CPTY_A,7.397522
193,2023-07-14,14,108732.353380,103769.731659,0.000000,153825.345607,CPTY_A,7.435878
194,2023-07-28,14,111483.272645,106337.772386,0.000000,142413.453183,CPTY_A,7.474235
195,2023-08-11,14,107688.988788,102669.071171,0.000000,151836.120241,CPTY_A,7.512591
196,2023-08-25,14,105955.727372,101182.123153,0.000000,143622.114067,CPTY_A,7.550947
197,2023-09-08,14,106525.263966,101768.797588,0.000000,144451.663392,CPTY_A,7.589303
198,2023-09-22,14,109076.038829,104445.840852,0.000000,164478.395908,CPTY_A,7.627659
199,2023-10-06,14,107749.373453,102894.720069,0.000000,144414.683830,CPTY_A,7.666015
200,2023-10-20,14,104435.116404,99470.016704,0.000000,131659.075455,CPTY_A,7.704372
201,2023-11-03,14,103535.039811,98853.543802,0.000000,157132.162793,CPTY_A,7.742728
202,2023-11-17,14,103290.199860,98745.803682,0.000000,137412.157444,CPTY_A,7.781084
203,2023-12-01,14,105430.479787,100776.328083,0.000000,162719.012953,CPTY_A,7.819440
204,2023-12-15,14,103851.865731,99377.579171,0.000000,147316.001335,CPTY_A,7.857796
205,2023-12-29,14,102435.349327,97989.125730,0.000000,127261.935608,CPTY_A,7.896152
206,2024-01-12,14,104115.623315,99599.113924,0.000000,127887.638902,CPTY_A,7.934426
207,2024-01-26,14,101215.688184,96933.518111,0.000000,123609.179350,CPTY_A,7.972678
208,2024-02-09,14,102512.678229,98123.982410,0.000000,128649.555194,CPTY_A,8.010929
209,2024-02-23,14,105142.223219,100505.700794,0.000000,145856.028606,CPTY_A,8.049180
210,2024-03-08,14,105353.548049,100777.530917,0.000000,139022.030799,CPTY_A,8.087432
211,2024-03-22,14,106631.771684,102177.413617,0.000000,134244.151967,CPTY_A,8.125683
212,2024-04-05,14,103785.963338,99464.621287,0.000000,130027.043496,CPTY_A,8.163934
213,2024-04-19,14,101992.014064,97709.776793,0.000000,129378.288189,CPTY_A,8.202186
214,2024-05-03,14,100742.790827,96409.982807,0.000000,124798.915891,CPTY_A,8.240437
215,2024-05-17,14,103786.331590,99473.423056,0.000000,124436.457470,CPTY_A,8.278689
216,2024-05-31,14,108051.588691,103662.223366,0.000000,151354.524848,CPTY_A,8.316940
217,2024-06-14,14,107027.087772,102530.824115,0.000000,147052.348408,CPTY_A,8.355191
218,2024-06-28,14,104190.991036,99886.090582,0.000000,160627.170646,CPTY_A,8.393443
219,2024-07-12,14,108871.491713,104542.792242,0.000000,159419.289733,CPTY_A,8.431694
220,2024-07-26,14,90747.495722,86825.907671,0.000000,116960.169153,CPTY_A,8.469945
221,2024-08-09,14,116355.622875,111496.944240,0.000000,162025.668658,CPTY_A,8.508197
222,2024-08-23,14,108621.464513,104970.638408,0.000000,165333.857176,CPTY_A,8.546448
223,2024-09-06,14,104275.011002,100428.378312,0.000000,145406.384140,CPTY_A,8.584699
224,2024-09-20,14,101449.471044,97541.199913,0.000000,109970.356311,CPTY_A,8.622951
225,2024-10-04,14,103898.278982,100456.016415,0.000000,127342.029666,CPTY_A,8.661202
226,2024-10-18,14,105529.973530,101407.688515,0.000000,159393.012043,CPTY_A,8.699454
227,2024-11-01,14,103589.631546,99579.408293,0.000000,131397.289114,CPTY_A,8.737705
228,2024-11-15,14,103897.479138,99993.010994,0.000000,131241.108036,CPTY_A,8.775956
229,2024-11-29,14,105795.806211,101889.248876,0.000000,141161.802019,CPTY_A,8.814208
230,2024-12-13,14,102898.984658,99089.147424,0.000000,144296.136223,CPTY_A,8.852459
231,2024-12-27,14,107370.358986,103826.422561,0.000000,146658.283938,CPTY_A,8.890710
232,2025-01-10,14,100267.621825,96850.739354,0.000000,139423.503606,CPTY_A,8.929029
233,2025-01-24,14,106114.730940,102787.560764,0.000000,150554.417350,CPTY_A,8.967385
234,2025-02-07,14,104209.916381,100832.277771,0.000000,150311.391152,CPTY_A,9.005741
235,2025-02-21,14,106691.792460,103277.284419,0.000000,142952.975466,CPTY_A,9.044098
236,2025-03-07,14,109926.250368,106710.643309,0.000000,152230.889048,CPTY_A,9.082454
237,2025-03-21,14,107245.830207,103958.689432,0.000000,143186.100929,CPTY_A,9.120810
238,2025-04-04,18,98590.024603,95706.606137,0.000000,131384.410863,CPTY_A,9.159166
239,2025-04-22,10,107831.260571,104827.720096,0.000000,146544.954341,CPTY_A,9.208481
240,2025-05-02,14,103488.808880,100461.317669,0.000000,135127.931249,CPTY_A,9.235878
241,2025-05-16,14,104806.685343,101689.847659,0.000000,146373.641483,CPTY_A,9.274235
242,2025-05-30,14,101560.702700,98809.865710,0.000000,128048.041459,CPTY_A,9.312591
243,2025-06-13,14,104560.954491,101657.018749,0.000000,143414.145434,CPTY_A,9.350947
244,2025-06-27,14,103487.465889,100877.796425,0.000000,159646.195041,CPTY_A,9.389303
245,2025-07-11,14,106469.089256,103702.959891,0.000000,146463.047414,CPTY_A,9.427659
246,2025-07-25,14,106235.997567,103414.556756,0.000000,142749.664078,CPTY_A,9.466015
247,2025-08-08,14,105737.159209,103012.750104,0.000000,143800.462055,CPTY_A,9.504372
248,2025-08-22,14,109822.965026,106927.815648,0.000000,152273.775412,CPTY_A,9.542728
249,2025-09-05,14,104154.943742,101352.011485,0.000000,156708.195924,CPTY_A,9.581084
250,2025-09-19,14,103112.238647,100507.336817,0.000000,138523.139733,CPTY_A,9.619440
251,2025-10-03,14,110379.726437,107771.084472,0.000000,148555.632593,CPTY_A,9.657796
252,2025-10-17,14,110884.400667,108338.782978,0.000000,149378.426031,CPTY_A,9.696152
253,2025-10-31,14,105149.394432,102766.411300,0.000000,132928.240387,CPTY_A,9.734509
254,2025-11-14,14,104704.059737,102343.546260,0.000000,148512.140171,CPTY_A,9.772865
255,2025-11-28,14,110854.625302,108354.786584,0.000000,156341.621723,CPTY_A,9.811221
256,2025-12-12,17,108419.427819,106109.164591,0.000000,149042.798823,CPTY_A,9.849577
257,2025-12-29,11,111749.134754,109259.088963,0.000000,153675.406095,CPTY_A,9.896152
258,2026-01-09,14,103378.989352,100964.510643,0.000000,133921.413270,CPTY_A,9.926289
259,2026-01-23,14,114890.019832,112572.138411,0.000000,159597.822631,CPTY_A,9.964646
260,2026-02-06,14,106143.399606,103791.674404,0.000000,159539.162490,CPTY_A,10.003002
261,2026-02-20,14,106495.440483,104022.000690,0.000000,151057.509966,CPTY_A,10.041358
262,2026-03-06,14,106965.258389,104599.012197,0.000000,135866.436172,CPTY_A,10.079714
263,2026-03-20,18,106535.064690,104147.060078,0.000000,153562.314422,CPTY_A,10.118070
264,2026-04-07,10,113548.595609,111190.186002,0.000000,141709.280168,CPTY_A,10.167385
265,2026-04-17,18,117157.958863,114782.828703,0.000000,153858.014753,CPTY_A,10.194783
266,2026-05-05,10,121661.433066,119313.905431,0.000000,137455.077465,CPTY_A,10.244098
267,2026-05-15,14,113068.444066,110859.130661,0.000000,154083.225165,CPTY_A,10.271495
268,2026-05-29,14,113318.813944,111302.659919,0.000000,140594.756498,CPTY_A,10.309851
269,2026-06-12,14,108872.725203,107017.011575,0.000000,164184.649364,CPTY_A,10.348207
270,2026-06-26,14,107483.446131,105557.169603,0.000000,132721.344363,CPTY_A,10.386563
271,2026-07-10,14,110050.449466,108083.934412,0.000000,142001.460415,CPTY_A,10.424920
272,2026-07-24,14,107548.077110,105716.994956,0.000000,134125.155264,CPTY_A,10.463276
273,2026-08-07,14,110957.212910,109140.372452,0.000000,159507.747333,CPTY_A,10.501632
274,2026-08-21,14,107109.670021,105352.546747,0.000000,140174.839297,CPTY_A,10.539988
275,2026-09-04,14,106271.652852,104482.450455,0.000000,143341.631396,CPTY_A,10.578344
276,2026-09-18,14,103823.124758,102206.064679,0.000000,137996.461024,CPTY_A,10.616700
277,2026-10-02,14,107949.813164,106866.066525,0.000000,150465.283641,CPTY_A,10.655057
278,2026-10-16,14,109607.792742,108497.881444,0.000000,154597.604877,CPTY_A,10.693413
279,2026-10-30,14,101362.247294,100596.985092,0.000000,147965.842195,CPTY_A,10.731769
280,2026-11-13,14,102503.935971,101773.560732,0.000000,148602.004384,CPTY_A,10.770125
281,2026-11-27,14,106771.271636,106333.430507,0.000000,130058.057038,CPTY_A,10.808481
282,2026-12-11,18,103729.622851,103292.293292,0.000000,123169.099374,CPTY_A,10.846837
283,2026-12-29,10,102947.560801,102373.941598,0.000000,119075.477531,CPTY_A,10.896152
284,2027-01-08,14,100918.100403,100277.096655,0.000000,127208.908489,CPTY_A,10.923550
285,2027-01-22,14,101733.734803,100540.646549,0.000000,131540.488601,CPTY_A,10.961906
286,2027-02-05,14,102636.416756,101370.690102,0.000000,132844.990145,CPTY_A,11.000262
287,2027-02-19,14,100684.145238,99516.644126,-11326.469083,124855.685043,CPTY_A,11.038618
288,2027-03-05,14,96158.367565,95200.319826,0.000000,145749.068869,CPTY_A,11.076974
289,2027-03-19,14,98704.264715,97842.621338,0.000000,139948.854853,CPTY_A,11.115330
290,2027-04-02,14,100322.836101,99539.826786,0.000000,128858.340925,CPTY_A,11.153687
291,2027-04-16,14,98035.898540,97247.893234,0.000000,132210.890529,CPTY_A,11.192043
292,2027-04-30,14,96342.682653,95509.707478,0.000000,132379.983775,CPTY_A,11.230399
293,2027-05-14,14,104958.040419,104268.538403,0.000000,145553.124003,CPTY_A,11.268755
294,2027-05-28,14,86604.271330,85989.748096,0.000000,117582.886093,CPTY_A,11.307111
295,2027-06-11,14,92058.250838,91534.288138,0.000000,126239.663742,CPTY_A,11.345467
296,2027-06-25,14,96600.114230,96079.430610,0.000000,129197.173856,CPTY_A,11.383824
297,2027-07-09,14,96248.862927,95738.314865,0.000000,129663.326729,CPTY_A,11.422180
298,2027-07-23,14,96728.217921,96553.594790,0.000000,128882.195238,CPTY_A,11.460536
299,2027-08-06,14,96976.658526,96556.641743,0.000000,127456.710676,CPTY_A,11.498892
300,2027-08-20,14,95924.509043,95645.978457,-11679.526251,127742.957642,CPTY_A,11.537248
301,2027-09-03,14,93634.909522,93399.351618,0.000000,124132.932746,CPTY_A,11.575604
302,2027-09-17,14,86081.446451,85921.960261,0.000000,107452.813037,CPTY_A,11.613961
303,2027-10-01,14,88843.079732,88875.605992,0.000000,117504.752797,CPTY_A,11.652317
304,2027-10-15,14,90143.226204,90375.933407,0.000000,112341.512953,CPTY_A,11.690673
305,2027-10-29,14,92871.073089,92982.493588,0.000000,119209.002423,CPTY_A,11.729029
306,2027-11-12,14,85274.753683,85858.320023,0.000000,116743.910326,CPTY_A,11.767385
307,2027-11-26,14,91599.541090,91885.463466,0.000000,108017.107203,CPTY_A,11.805741
308,2027-12-10,19,89472.190123,89779.943210,0.000000,116064.257768,CPTY_A,11.844098
309,2027-12-29,9,87631.108716,88051.764336,0.000000,117980.865513,CPTY_A,11.896152
310,2028-01-07,14,88747.298273,89151.338830,0.000000,121138.849797,CPTY_A,11.920765
311,2028-01-21,14,88440.566259,88809.999064,0.000000,111382.496679,CPTY_A,11.959016
312,2028-02-04,14,85818.022928,86235.274697,0.000000,111463.971538,CPTY_A,11.997268
313,2028-02-18,14,89169.348093,89786.900401,60518.755900,115274.136287,CPTY_A,12.035519
314,2028-03-03,14,83328.686105,83816.306181,0.000000,110619.853242,CPTY_A,12.073770
315,2028-03-17,14,82881.636538,83389.863637,0.000000,119895.415148,CPTY_A,12.112022
316,2028-03-31,18,82241.532126,82688.390535,0.000000,109498.431324,CPTY_A,12.150273
317,2028-04-18,10,83454.312347,83762.934492,0.000000,112089.309544,CPTY_A,12.199454
318,2028-04-28,14,80969.193608,81296.146787,0.000000,108505.168574,CPTY_A,12.226776
319,2028-05-12,14,95591.962866,95887.122409,0.000000,129130.884101,CPTY_A,12.265027
320,2028-05-26,14,68075.181682,68397.108022,0.000000,90154.479556,CPTY_A,12.303279
321,2028-06-09,14,81853.168249,82311.135784,0.000000,116236.141200,CPTY_A,12.341530
322,2028-06-23,14,80656.925041,81184.374797,0.000000,112504.464309,CPTY_A,12.379781
323,2028-07-07,14,77773.155199,78356.890402,0.000000,107807.600433,CPTY_A,12.418033
324,2028-07-21,14,80160.079336,80824.170249,0.000000,108987.299543,CPTY_A,12.456284
325,2028-08-04,14,85516.689493,86324.534706,0.000000,114617.217476,CPTY_A,12.494536
326,2028-08-18,14,82899.416953,83641.189785,-12259.645257,116933.916128,CPTY_A,12.532787
327,2028-09-01,14,72642.306915,73471.872293,0.000000,106654.421699,CPTY_A,12.571038
328,2028-09-15,14,79031.440069,79967.214669,0.000000,100760.950624,CPTY_A,12.609290
329,2028-09-29,14,73960.392856,74875.099235,0.000000,99313.605647,CPTY_A,12.647541
330,2028-10-13,14,77966.960728,78680.854540,0.000000,100085.936975,CPTY_A,12.685792
331,2028-10-27,17,75716.622168,76530.491082,0.000000,101605.709428,CPTY_A,12.724044
332,2028-11-13,11,76528.281904,77394.472494,0.000000,101518.535375,CPTY_A,12.770492
333,2028-11-24,14,78849.694290,79858.900805,0.000000,100927.851793,CPTY_A,12.800546
334,2028-12-08,14,74783.143986,75823.780853,0.000000,103937.941604,CPTY_A,12.838798
335,2028-12-22,14,74493.384193,75419.488085,0.000000,98624.521371,CPTY_A,12.877049
336,2029-01-05,14,74574.899904,75601.920569,0.000000,92247.475964,CPTY_A,12.915330
337,2029-01-19,14,75266.426964,76386.455150,0.000000,101448.123734,CPTY_A,12.953687
338,2029-02-02,14,77028.476995,78085.720699,0.000000,97258.879765,CPTY_A,12.992043
339,2029-02-16,14,78980.419766,80176.769080,59468.094260,108963.043561,CPTY_A,13.030399
340,2029-03-02,14,70285.815932,71317.774940,0.000000,97290.648993,CPTY_A,13.068755
341,2029-03-16,18,72528.053265,73701.116653,0.000000,94783.661506,CPTY_A,13.107111
342,2029-04-03,10,66126.980863,67166.491236,0.000000,85081.871892,CPTY_A,13.156426
343,2029-04-13,14,68206.031225,69307.950450,0.000000,92818.843876,CPTY_A,13.183824
344,2029-04-27,14,69674.374795,70866.359601,0.000000,92790.331951,CPTY_A,13.222180
345,2029-05-11,14,70441.432118,71740.792616,0.000000,100524.005757,CPTY_A,13.260536
346,2029-05-25,14,69554.718195,70775.035172,0.000000,93702.804616,CPTY_A,13.298892
347,2029-06-08,14,68676.292175,69995.020600,0.000000,92619.976344,CPTY_A,13.337248
348,2029-06-22,14,73437.395647,74901.328796,0.000000,96857.081005,CPTY_A,13.375604
349,2029-07-06,14,69333.971848,70726.735598,0.000000,90189.478136,CPTY_A,13.413961
350,2029-07-20,14,70316.944948,71735.178306,0.000000,86218.408171,CPTY_A,13.452317
351,2029-08-03,14,67242.516973,68644.982918,0.000000,96045.854150,CPTY_A,13.490673
352,2029-08-17,14,71251.238671,72762.220767,0.000000,95600.713199,CPTY_A,13.529029
353,2029-08-31,14,62933.636741,64365.891965,-12545.251944,82424.025737,CPTY_A,13.567385
354,2029-09-14,14,65422.738937,66892.450712,0.000000,83342.757499,CPTY_A,13.605741
355,2029-09-28,14,65140.097485,66649.912300,0.000000,82560.257317,CPTY_A,13.644098
356,2029-10-12,14,64224.951890,65720.546239,0.000000,84321.058055,CPTY_A,13.682454
357,2029-10-26,14,65009.819636,66567.917700,0.000000,84971.163046,CPTY_A,13.720810
358,2029-11-09,14,64788.031243,66382.427147,0.000000,86543.086043,CPTY_A,13.759166
359,2029-11-23,14,63368.805662,65056.601893,0.000000,77126.306877,CPTY_A,13.797522
360,2029-12-07,14,63203.851660,64752.193177,0.000000,89305.198536,CPTY_A,13.835878
361,2029-12-21,14,64672.949875,66394.539374,0.000000,79389.559514,CPTY_A,13.874235
362,2030-01-04,14,63535.382389,65232.803147,0.000000,82461.050517,CPTY_A,13.912591
363,2030-01-18,14,65129.928633,66876.502971,0.000000,81398.592359,CPTY_A,13.950947
364,2030-02-01,14,63042.048689,64724.769304,0.000000,81921.769827,CPTY_A,13.989303
365,2030-02-15,14,60976.025182,62833.385757,59030.219271,84933.639409,CPTY_A,14.027659
366,2030-03-01,14,60728.219406,62336.780902,0.000000,80027.389817,CPTY_A,14.066015
367,2030-03-15,14,58306.282548,59956.843217,0.000000,74338.713522,CPTY_A,14.104372
368,2030-03-29,14,56683.559729,58295.796854,0.000000,74254.665632,CPTY_A,14.142728
369,2030-04-12,14,57575.027266,59254.143892,0.000000,79382.741117,CPTY_A,14.181084
370,2030-04-26,14,57290.590389,58975.189167,0.000000,76890.886877,CPTY_A,14.219440
371,2030-05-10,14,56851.602397,58540.497668,0.000000,75642.141780,CPTY_A,14.257796
372,2030-05-24,14,57457.586438,59297.426965,0.000000,72373.357257,CPTY_A,14.296152
373,2030-06-07,14,56341.720523,58132.448208,0.000000,85913.731695,CPTY_A,14.334509
374,2030-06-21,14,56865.389542,58787.824262,0.000000,79199.605776,CPTY_A,14.372865
375,2030-07-05,14,55619.174856,57439.600337,0.000000,69235.493043,CPTY_A,14.411221
376,2030-07-19,14,57444.066754,59450.933889,0.000000,80327.826836,CPTY_A,14.449577
377,2030-08-02,14,56687.234728,58540.397904,0.000000,70516.358538,CPTY_A,14.487933
378,2030-08-16,14,58570.891438,60556.960970,0.000000,80527.842894,CPTY_A,14.526289
379,2030-08-30,14,52627.158359,54345.675402,-12376.294674,69195.030528,CPTY_A,14.564646
380,2030-09-13,14,51606.115433,53375.983047,0.000000,65688.924664,CPTY_A,14.603002
381,2030-09-27,14,50530.516280,52172.097726,0.000000,61015.095206,CPTY_A,14.641358
382,2030-10-11,14,51985.207404,53898.139691,0.000000,72281.480189,CPTY_A,14.679714
383,2030-10-25,14,50892.491208,52712.017207,0.000000,69695.821798,CPTY_A,14.718070
384,2030-11-08,14,52371.531133,54172.316776,0.000000,70572.277074,CPTY_A,14.756426
385,2030-11-22,14,53185.694511,55074.998320,0.000000,71038.851642,CPTY_A,14.794783
386,2030-12-06,14,52814.673236,54786.473018,0.000000,69733.001575,CPTY_A,14.833139
387,2030-12-20,14,50911.223473,52770.633476,0.000000,64154.311336,CPTY_A,14.871495
388,2031-01-03,14,51740.713063,53586.666127,0.000000,71781.335766,CPTY_A,14.909851
389,2031-01-17,14,51980.102691,53887.588920,0.000000,71144.268993,CPTY_A,14.948207
390,2031-01-31,14,49314.111501,51092.162390,0.000000,60216.284947,CPTY_A,14.986563
391,2031-02-14,14,51433.321554,53379.752464,0.000000,65046.970824,CPTY_A,15.024920
392,2031-02-28,14,47672.480960,49427.996758,58172.254996,66462.481816,CPTY_A,15.063276
393,2031-03-14,14,47785.775494,49503.954095,0.000000,62850.107213,CPTY_A,15.101632
394,2031-03-28,18,43445.712290,45041.256394,0.000000,56679.910426,CPTY_A,15.139988
395,2031-04-15,10,45293.128931,47116.385313,0.000000,56451.138306,CPTY_A,15.189303
396,2031-04-25,14,47503.753585,49360.408318,0.000000,66681.881342,CPTY_A,15.216700
397,2031-05-09,14,46174.685880,47955.246312,0.000000,54691.348225,CPTY_A,15.255057
398,2031-05-23,14,46525.406783,48481.482634,0.000000,62281.262923,CPTY_A,15.293413
399,2031-06-06,14,47837.537295,49788.192927,0.000000,63913.685134,CPTY_A,15.331769
400,2031-06-20,17,44267.882344,46062.908572,0.000000,62706.310797,CPTY_A,15.370125
401,2031-07-07,11,46804.325455,48747.635372,0.000000,70244.067933,CPTY_A,15.416700
402,2031-07-18,17,45400.564075,47236.184727,0.000000,61006.700105,CPTY_A,15.446837
403,2031-08-04,11,45754.629315,47600.699412,0.000000,60876.793877,CPTY_A,15.493413
404,2031-08-15,14,45641.620069,47562.007217,0.000000,59933.133903,CPTY_A,15.523550
405,2031-08-29,14,40065.439844,41872.705702,-12585.609027,54005.076538,CPTY_A,15.561906
406,2031-09-12,14,40010.312006,41709.587552,0.000000,55120.837373,CPTY_A,15.600262
407,2031-09-26,14,41248.491457,43249.408344,0.000000,54517.794956,CPTY_A,15.638618
408,2031-10-10,14,37977.494579,39608.062583,0.000000,54916.050514,CPTY_A,15.676974
409,2031-10-24,14,39679.778065,41485.290964,0.000000,59377.359389,CPTY_A,15.715330
410,2031-11-07,14,41229.356521,43240.605264,0.000000,53711.412937,CPTY_A,15.753687
411,2031-11-21,14,41844.427698,43824.616863,0.000000,56687.318952,CPTY_A,15.792043
412,2031-12-05,14,39956.264618,41782.222223,0.000000,58688.949849,CPTY_A,15.830399
413,2031-12-19,17,40718.694419,42651.470742,0.000000,52029.218142,CPTY_A,15.868755
414,2032-01-05,11,41126.750258,43099.886251,0.000000,52340.081473,CPTY_A,15.915301
415,2032-01-16,14,41585.898574,43628.866917,0.000000,55700.833014,CPTY_A,15.945355
416,2032-01-30,14,41224.769480,43270.838826,0.000000,51309.370244,CPTY_A,15.983607
417,2032-02-13,14,40985.317096,43042.481945,0.000000,55061.212319,CPTY_A,16.021858
418,2032-02-27,14,35436.472214,37168.927569,56436.847263,46448.424384,CPTY_A,16.060109
419,2032-03-12,18,34868.371160,36578.354459,0.000000,49546.795049,CPTY_A,16.098361
420,2032-03-30,10,34952.790518,36678.565786,0.000000,47926.127148,CPTY_A,16.147541
421,2032-04-09,14,35436.963816,37182.190977,0.000000,49009.169607,CPTY_A,16.174863
422,2032-04-23,14,34536.638741,36303.287442,0.000000,47994.698179,CPTY_A,16.213115
423,2032-05-07,14,35421.332484,37265.642314,0.000000,45586.046340,CPTY_A,16.251366
424,2032-05-21,14,34044.419236,35745.120890,0.000000,44388.121833,CPTY_A,16.289617
425,2032-06-04,14,35939.948278,37837.179100,0.000000,44617.212722,CPTY_A,16.327869
426,2032-06-18,14,34516.687379,36370.219478,0.000000,43926.006547,CPTY_A,16.366120
427,2032-07-02,14,33437.071300,35209.900305,0.000000,40155.253256,CPTY_A,16.404372
428,2032-07-16,14,34831.462867,36761.851676,0.000000,47333.038765,CPTY_A,16.442623
429,2032-07-30,14,36130.813953,38212.742226,0.000000,47673.985512,CPTY_A,16.480874
430,2032-08-13,14,33661.820955,35416.850772,0.000000,42860.596515,CPTY_A,16.519126
431,2032-08-27,14,34600.407541,36616.110629,-13291.061294,45013.474637,CPTY_A,16.557377
432,2032-09-10,14,29880.037592,31472.100276,0.000000,36314.892994,CPTY_A,16.595628
433,2032-09-24,14,29285.659772,30939.005590,0.000000,37386.922067,CPTY_A,16.633880
434,2032-10-08,14,30923.760939,32608.444458,0.000000,41678.827985,CPTY_A,16.672131
435,2032-10-22,14,28822.913309,30461.655489,0.000000,35219.855452,CPTY_A,16.710383
436,2032-11-05,14,29530.108402,31188.540913,0.000000,38824.029723,CPTY_A,16.748634
437,2032-11-19,14,29228.437903,30846.631970,0.000000,37190.137001,CPTY_A,16.786885
438,2032-12-03,14,29951.806852,31647.059682,0.000000,40056.659120,CPTY_A,16.825137
439,2032-12-17,18,30482.937489,32232.575127,0.000000,38461.615295,CPTY_A,16.863388
440,2033-01-04,10,28614.465155,30246.239823,0.000000,35351.510603,CPTY_A,16.912591
441,2033-01-14,14,30384.808917,32061.933724,0.000000,38876.672576,CPTY_A,16.939988
442,2033-01-28,14,29358.758263,31058.280512,0.000000,40481.200835,CPTY_A,16.978344
443,2033-02-11,14,30196.752820,31933.851671,0.000000,40938.325745,CPTY_A,17.016700
444,2033-02-25,14,30194.447839,31985.573966,55522.101781,36863.923782,CPTY_A,17.055057
445,2033-03-11,14,26719.067365,28406.464990,0.000000,34504.291700,CPTY_A,17.093413
446,2033-03-25,14,22349.391433,23579.325703,0.000000,29868.523856,CPTY_A,17.131769
447,2033-04-08,14,24687.580108,26168.928182,0.000000,32821.397088,CPTY_A,17.170125
448,2033-04-22,14,24006.670446,25499.944041,0.000000,34153.401050,CPTY_A,17.208481
449,2033-05-06,14,23882.284327,25362.758181,0.000000,31504.444501,CPTY_A,17.246837
450,2033-05-20,14,24255.204792,25762.069443,0.000000,31199.305863,CPTY_A,17.285194
451,2033-06-03,14,25799.680574,27506.141513,0.000000,35415.549882,CPTY_A,17.323550
452,2033-06-17,14,24466.952471,25913.230252,0.000000,33080.916074,CPTY_A,17.361906
453,2033-07-01,14,23050.717198,24577.860269,0.000000,28857.430247,CPTY_A,17.400262
454,2033-07-15,14,24948.558292,26520.197457,0.000000,31471.096029,CPTY_A,17.438618
455,2033-07-29,14,24792.022151,26474.537586,0.000000,32289.444625,CPTY_A,17.476974
456,2033-08-12,14,23094.400680,24484.687332,0.000000,31570.357968,CPTY_A,17.515330
457,2033-08-26,14,23430.494739,24900.969864,-13795.419825,30014.969656,CPTY_A,17.553687
458,2033-09-09,14,19651.542372,20933.782944,0.000000,27473.439896,CPTY_A,17.592043
459,2033-09-23,14,19325.618842,20603.368598,0.000000,25746.016433,CPTY_A,17.630399
460,2033-10-07,14,18846.471805,20097.045183,0.000000,26178.494430,CPTY_A,17.668755
461,2033-10-21,14,18644.504210,19863.574590,0.000000,24495.243139,CPTY_A,17.707111
462,2033-11-04,14,19293.439276,20596.283977,0.000000,26899.821497,CPTY_A,17.745467
463,2033-11-18,14,19392.740826,20762.878969,0.000000,26082.202491,CPTY_A,17.783824
464,2033-12-02,14,19310.661566,20583.588172,0.000000,26569.489128,CPTY_A,17.822180
465,2033-12-16,14,19569.135774,20867.257503,0.000000,26344.707503,CPTY_A,17.860536
466,2033-12-30,14,18977.137448,20286.064938,0.000000,25592.233391,CPTY_A,17.898892
467,2034-01-13,14,19319.895312,20698.153171,0.000000,23849.116712,CPTY_A,17.937248
468,2034-01-27,14,20750.287216,22186.369728,0.000000,27350.429791,CPTY_A,17.975604
469,2034-02-10,14,19749.551816,21167.636090,0.000000,28115.192362,CPTY_A,18.013961
470,2034-02-24,14,19444.561466,20767.156844,54905.385694,23622.021923,CPTY_A,18.052317
471,2034-03-10,14,14563.429967,15605.112218,0.000000,18896.099205,CPTY_A,18.090673
472,2034-03-24,18,14443.671684,15466.940191,0.000000,18674.119346,CPTY_A,18.129029
473,2034-04-11,10,14224.397063,15238.497607,0.000000,17645.204235,CPTY_A,18.178344
474,2034-04-21,14,13994.084572,14965.161991,0.000000,19062.548186,CPTY_A,18.205741
475,2034-05-05,14,13724.237611,14718.723340,0.000000,17058.796918,CPTY_A,18.244098
476,2034-05-19,14,14952.302998,16008.248614,0.000000,21462.810765,CPTY_A,18.282454
477,2034-06-02,14,13908.171474,14908.154503,0.000000,17119.491777,CPTY_A,18.320810
478,2034-06-16,14,13845.034154,14868.558153,0.000000,16935.282489,CPTY_A,18.359166
479,2034-06-30,14,14894.391746,15999.880122,0.000000,19594.599777,CPTY_A,18.397522
480,2034-07-14,14,13996.973347,15080.421015,0.000000,18171.991172,CPTY_A,18.435878
481,2034-07-28,14,14054.285557,15125.174789,0.000000,17797.920564,CPTY_A,18.474235
482,2034-08-11,14,13697.557228,14770.818906,0.000000,18228.462460,CPTY_A,18.512591
483,2034-08-25,14,13769.129421,14836.336377,-13975.617405,18098.618522,CPTY_A,18.550947
484,2034-09-08,14,9947.925858,10704.247441,0.000000,13292.827464,CPTY_A,18.589303
485,2034-09-22,14,9933.902976,10674.587391,0.000000,13783.350757,CPTY_A,18.627659
486,2034-10-06,14,9319.775948,9993.949834,0.000000,12297.435903,CPTY_A,18.666015
487,2034-10-20,14,9619.746604,10362.480085,0.000000,12381.969070,CPTY_A,18.704372
488,2034-11-03,14,9408.966091,10109.555365,0.000000,12096.457949,CPTY_A,18.742728
489,2034-11-17,14,9660.790190,10423.017430,0.000000,12262.548261,CPTY_A,18.781084
490,2034-12-01,14,9814.066150,10566.030937,0.000000,12775.132956,CPTY_A,18.819440
491,2034-12-15,14,9392.556475,10104.585424,0.000000,12703.021886,CPTY_A,18.857796
492,2034-12-29,14,9563.029288,10328.676863,0.000000,12509.394572,CPTY_A,18.896152
493,2035-01-12,14,9649.060880,10433.737132,0.000000,12323.041754,CPTY_A,18.934509
494,2035-01-26,14,9849.065129,10553.282523,0.000000,12643.223656,CPTY_A,18.972865
495,2035-02-09,14,9591.160856,10368.926287,0.000000,12704.814774,CPTY_A,19.011221
496,2035-02-23,14,9485.538007,10229.241211,53948.936590,11894.606136,CPTY_A,19.049577
497,2035-03-09,18,4695.263804,5075.891953,0.000000,6244.701018,CPTY_A,19.087933
498,2035-03-27,10,4745.138723,5140.464600,0.000000,6292.170890,CPTY_A,19.137248
499,2035-04-06,14,4791.760415,5186.312534,0.000000,6709.500501,CPTY_A,19.164646
500,2035-04-20,14,4692.248160,5069.054633,0.000000,6843.546517,CPTY_A,19.203002
501,2035-05-04,14,4640.938035,5011.659762,0.000000,5675.693925,CPTY_A,19.241358
502,2035-05-18,14,4671.632321,5055.380711,0.000000,5897.038206,CPTY_A,19.279714
503,2035-06-01,14,4811.360689,5200.964778,0.000000,6489.146528,CPTY_A,19.318070
504,2035-06-15,14,4597.661157,4958.150344,0.000000,6071.438994,CPTY_A,19.356426
505,2035-06-29,14,4822.368255,5205.103418,0.000000,5652.593374,CPTY_A,19.394783
506,2035-07-13,14,4666.952393,5062.266805,0.000000,5796.047697,CPTY_A,19.433139
507,2035-07-27,14,4729.790749,5131.920804,0.000000,6400.674177,CPTY_A,19.471495
508,2035-08-10,14,4921.985939,5322.827139,0.000000,6438.633945,CPTY_A,19.509851
509,2035-08-24,14,4833.721234,5234.685969,-14520.392687,6678.095363,CPTY_A,19.548207
510,2035-09-07,14,115.892772,132.253527,0.000000,108.301406,CPTY_A,19.586563
511,2035-09-21,14,90.616967,103.373547,0.000000,91.534141,CPTY_A,19.624920
512,2035-10-05,14,108.721998,123.615265,0.000000,99.317811,CPTY_A,19.663276
513,2035-10-19,14,99.134654,113.514892,0.000000,102.844781,CPTY_A,19.701632
514,2035-11-02,14,108.341302,126.812582,0.000000,64.530126,CPTY_A,19.739988
515,2035-11-16,14,100.979288,116.069430,0.000000,78.907074,CPTY_A,19.778344
516,2035-11-30,14,96.243189,110.248253,0.000000,74.597557,CPTY_A,19.816700
517,2035-12-14,14,92.966867,105.490665,0.000000,69.846625,CPTY_A,19.855057
518,2035-12-28,14,91.620484,104.107971,0.000000,67.022411,CPTY_A,19.893413
519,2036-01-11,14,91.116185,103.377228,0.000000,68.030017,CPTY_A,19.931694
520,2036-01-25,14,91.683608,104.129605,0.000000,62.938464,CPTY_A,19.969945
521,2036-02-08,14,88.762626,100.514314,0.000000,61.512278,CPTY_A,20.008197
522,2036-02-22,14,63.664183,72.283689,53754.176604,45.202844,CPTY_A,20.046448
523,2036-03-07,14,0.000000,0.000000,0.000000,0.000000,CPTY_A,20.084699
524,2036-03-21,14,0.000000,0.000000,0.000000,0.000000,CPTY_A,20.122951
525,2036-04-04,14,0.000000,0.000000,0.000000,0.000000,CPTY_A,20.161202
526,2036-04-18,14,0.000000,0.000000,0.000000,0.000000,CPTY_A,20.199454
527,2036-05-02,14,0.000000,0.000000,0.000000,0.000000,CPTY_A,20.237705
528,2036-05-16,14,0.000000,0.000000,0.000000,0.000000,CPTY_A,20.275956
529,2036-05-30,14,0.000000,0.000000,0.000000,0.000000,CPTY_A,20.314208
530,2036-06-13,14,0.000000,0.000000,0.000000,0.000000,CPTY_A,20.352459
531,2036-06-27,14,0.000000,0.000000,0.000000,0.000000,CPTY_A,20.390710
532,2036-07-11,14,0.000000,0.000000,0.000000,0.000000,CPTY_A,20.428962
533,2036-07-25,14,0.000000,0.000000,0.000000,0.000000,CPTY_A,20.467213
534,2036-08-08,14,0.000000,0.000000,0.000000,0.000000,CPTY_A,20.505464
535,2036-08-22,14,0.000000,0.000000,0.000000,0.000000,CPTY_A,20.543716
536,2036-09-05,14,0.000000,0.000000,0.000000,0.000000,CPTY_A,20.581967
537,2036-09-19,14,0.000000,0.000000,0.000000,0.000000,CPTY_A,20.620219
538,2036-10-03,14,0.000000,0.000000,0.000000,0.000000,CPTY_A,20.658470
