#TimeStep,Date,DaysInPeriod,ZeroOrderDIM,AverageDIM,AverageFLOW,SimpleDIM,NettingSet,Time
0,2016-02-19,14,90232.039393,89608.442193,0.000000,102004.028276,CPTY_A,0.038251
1,2016-03-04,14,86561.864087,86079.769221,0.000000,89548.404666,CPTY_A,0.076503
2,2016-03-18,14,87646.428769,86836.143273,0.000000,90314.416443,CPTY_A,0.114754
3,2016-04-01,14,89551.623435,88509.404137,0.000000,99523.102607,CPTY_A,0.153005
4,2016-04-15,14,89112.312188,87702.407375,0.000000,98472.289032,CPTY_A,0.191257
5,2016-04-29,14,89042.652608,87496.876909,0.000000,98378.555241,CPTY_A,0.229508
6,2016-05-13,14,89417.629445,87711.350321,0.000000,99452.380199,CPTY_A,0.267760
7,2016-05-27,14,90931.813225,89189.403340,0.000000,95715.600430,CPTY_A,0.306011
8,2016-06-10,14,87303.202984,85483.531504,0.000000,99077.119900,CPTY_A,0.344262
9,2016-06-24,14,89831.106772,87374.211417,0.000000,103055.552270,CPTY_A,0.382514
10,2016-07-08,14,88231.855590,86434.289078,0.000000,99127.042538,CPTY_A,0.420765
11,2016-07-22,14,92314.742256,88620.517086,0.000000,106957.630750,CPTY_A,0.459016
12,2016-08-05,14,89738.200900,86746.160571,0.000000,93694.829028,CPTY_A,0.497268
13,2016-08-19,14,91015.163234,87703.876695,0.000000,103070.043226,CPTY_A,0.535519
14,2016-09-02,14,89082.060220,86062.302749,0.000000,105547.525951,CPTY_A,0.573770
15,2016-09-16,14,90002.018477,86648.192038,0.000000,97046.439374,CPTY_A,0.612022
16,2016-09-30,14,91387.757553,87319.392801,0.000000,103376.745283,CPTY_A,0.650273
17,2016-10-14,14,98052.237915,92912.795857,0.000000,113484.810282,CPTY_A,0.688525
18,2016-10-28,17,85039.331953,81665.775256,0.000000,89532.184845,CPTY_A,0.726776
19,2016-11-14,11,91645.956164,87365.962706,0.000000,98802.876140,CPTY_A,0.773224
20,2016-11-25,14,92442.183597,87167.431920,0.000000,121485.606202,CPTY_A,0.803279
21,2016-12-09,14,94611.939365,87593.172031,0.000000,109429.800680,CPTY_A,0.841530
22,2016-12-23,14,89927.167466,85438.467475,0.000000,104502.157497,CPTY_A,0.879781
23,2017-01-06,14,93544.650898,87089.551300,0.000000,111876.768531,CPTY_A,0.918070
24,2017-01-20,14,93783.752724,87803.029011,0.000000,110473.819073,CPTY_A,0.956426
25,2017-02-03,14,92540.102851,87191.741672,0.000000,103542.367633,CPTY_A,0.994783
26,2017-02-17,14,91474.657057,86137.854104,0.000000,98578.267961,CPTY_A,1.033139
27,2017-03-03,14,93156.978341,86012.550395,0.000000,111106.695441,CPTY_A,1.071495
28,2017-03-17,14,93539.070064,86491.073944,0.000000,105184.220964,CPTY_A,1.109851
29,2017-03-31,18,96296.290952,87185.047210,0.000000,121477.201209,CPTY_A,1.148207
30,2017-04-18,10,94289.711321,86710.349767,0.000000,113381.057221,CPTY_A,1.197522
31,2017-04-28,14,95452.108143,87887.834801,0.000000,115563.951170,CPTY_A,1.224920
32,2017-05-12,14,102390.650900,93702.010720,0.000000,113945.519959,CPTY_A,1.263276
33,2017-05-26,14,85166.265712,78872.914008,0.000000,100627.210279,CPTY_A,1.301632
34,2017-06-09,14,93806.830978,84001.447418,0.000000,102269.110734,CPTY_A,1.339988
35,2017-06-23,14,96574.269712,84527.236038,0.000000,113854.303745,CPTY_A,1.378344
36,2017-07-07,14,91353.530546,84368.828717,0.000000,108701.237507,CPTY_A,1.416700
37,2017-07-21,14,93600.359656,85818.152086,0.000000,115477.278223,CPTY_A,1.455057
38,2017-08-04,14,94283.649789,86500.453494,0.000000,109737.938960,CPTY_A,1.493413
39,2017-08-18,14,94591.633335,86809.509961,0.000000,104095.354013,CPTY_A,1.531769
40,2017-09-01,14,92100.737058,85511.743219,0.000000,114232.379885,CPTY_A,1.570125
41,2017-09-15,14,94141.880218,85427.179817,0.000000,109608.130883,CPTY_A,1.608481
42,2017-09-29,14,93736.668886,85421.630182,0.000000,105118.212541,CPTY_A,1.646837
43,2017-10-13,14,96628.403295,86424.772107,0.000000,120826.491427,CPTY_A,1.685194
44,2017-10-27,17,94728.214034,85481.662958,0.000000,113769.851994,CPTY_A,1.723550
45,2017-11-13,11,94421.835198,86051.650372,0.000000,103284.663965,CPTY_A,1.770125
46,2017-11-24,14,96608.780685,83025.021758,0.000000,116252.477669,CPTY_A,1.800262
47,2017-12-08,14,99671.254340,85477.835849,0.000000,127363.329561,CPTY_A,1.838618
48,2017-12-22,14,94859.537856,85674.440327,0.000000,114416.943074,CPTY_A,1.876974
49,2018-01-05,14,96854.995877,85091.447450,0.000000,111216.408150,CPTY_A,1.915330
50,2018-01-19,14,95469.598093,85863.536863,0.000000,111882.147534,CPTY_A,1.953687
51,2018-02-02,14,95253.681193,84164.594124,0.000000,116792.897692,CPTY_A,1.992043
52,2018-02-16,14,97390.476196,82845.118069,0.000000,117122.183344,CPTY_A,2.030399
53,2018-03-02,14,112960.350317,100186.516558,0.000000,135987.400955,CPTY_A,2.068755
54,2018-03-16,18,75671.140140,66119.199430,0.000000,104532.918487,CPTY_A,2.107111
55,2018-04-03,10,93948.728531,84188.707630,0.000000,127114.566538,CPTY_A,2.156426
56,2018-04-13,14,100306.169344,84241.818588,0.000000,118229.056845,CPTY_A,2.183824
57,2018-04-27,14,95377.827362,84257.723732,0.000000,127297.112126,CPTY_A,2.222180
58,2018-05-11,14,96928.525524,83717.043726,0.000000,121002.368897,CPTY_A,2.260536
59,2018-05-25,14,96182.643653,84546.299820,0.000000,116163.136662,CPTY_A,2.298892
60,2018-06-08,14,97375.071491,82387.415132,0.000000,122622.892840,CPTY_A,2.337248
61,2018-06-22,14,99559.131134,82002.332837,0.000000,128752.198705,CPTY_A,2.375604
62,2018-07-06,14,97678.899502,82309.155276,0.000000,136084.833482,CPTY_A,2.413961
63,2018-07-20,14,97239.702891,83607.678537,0.000000,124577.803411,CPTY_A,2.452317
64,2018-08-03,14,94486.993262,82553.657922,0.000000,119586.829015,CPTY_A,2.490673
65,2018-08-17,14,97864.627589,85112.457213,0.000000,122630.330100,CPTY_A,2.529029
66,2018-08-31,14,103989.129702,89574.291431,0.000000,113178.297183,CPTY_A,2.567385
67,2018-09-14,14,91933.514337,78172.469825,0.000000,109306.969444,CPTY_A,2.605741
68,2018-09-28,14,100875.998261,84764.288012,0.000000,118208.637070,CPTY_A,2.644098
69,2018-10-12,14,97869.316725,80480.199549,0.000000,113923.952980,CPTY_A,2.682454
70,2018-10-26,14,97903.155127,84373.154163,0.000000,129875.053306,CPTY_A,2.720810
71,2018-11-09,14,100083.994765,83787.821822,0.000000,132322.889562,CPTY_A,2.759166
72,2018-11-23,14,98268.243964,84639.057148,0.000000,133338.689665,CPTY_A,2.797522
73,2018-12-07,14,100069.084156,84272.659643,0.000000,136266.774940,CPTY_A,2.835878
74,2018-12-21,14,105852.013368,88139.009554,0.000000,134728.811275,CPTY_A,2.874235
75,2019-01-04,14,104023.852040,85380.791304,0.000000,129590.745477,CPTY_A,2.912591
76,2019-01-18,14,94514.535486,77841.754596,0.000000,116050.871665,CPTY_A,2.950947
77,2019-02-01,14,96494.569665,82068.912024,0.000000,126721.393337,CPTY_A,2.989303
78,2019-02-15,14,98582.345372,82745.531893,0.000000,130745.876281,CPTY_A,3.027659
79,2019-03-01,14,103663.237577,82455.692609,0.000000,123692.275141,CPTY_A,3.066015
80,2019-03-15,14,96346.807331,82628.271335,0.000000,114669.095755,CPTY_A,3.104372
81,2019-03-29,14,99714.162757,82054.239482,0.000000,133770.918749,CPTY_A,3.142728
82,2019-04-12,14,102068.144327,88178.600252,0.000000,136283.237978,CPTY_A,3.181084
83,2019-04-26,14,98193.720784,79339.034612,0.000000,117943.113556,CPTY_A,3.219440
84,2019-05-10,14,99279.004440,83769.697835,0.000000,125445.374055,CPTY_A,3.257796
85,2019-05-24,14,98720.182164,82968.131828,0.000000,129349.939827,CPTY_A,3.296152
86,2019-06-07,14,100207.285003,79894.099529,0.000000,119187.946452,CPTY_A,3.334509
87,2019-06-21,14,99842.760046,85132.191678,0.000000,138013.941155,CPTY_A,3.372865
88,2019-07-05,14,96732.209966,81350.654183,0.000000,134059.282606,CPTY_A,3.411221
89,2019-07-19,14,102491.687218,82207.962895,0.000000,132283.711945,CPTY_A,3.449577
90,2019-08-02,14,102210.182039,83633.073225,0.000000,148184.377095,CPTY_A,3.487933
91,2019-08-16,14,101580.044952,82568.991971,0.000000,130651.185222,CPTY_A,3.526289
92,2019-08-30,14,102843.786584,80745.721983,0.000000,121757.771900,CPTY_A,3.564646
93,2019-09-13,14,107456.169428,81347.842270,0.000000,128605.845887,CPTY_A,3.603002
94,2019-09-27,14,103031.233988,82704.662806,0.000000,148784.220697,CPTY_A,3.641358
95,2019-10-11,14,105777.828336,86444.260642,0.000000,137346.690960,CPTY_A,3.679714
96,2019-10-25,14,93852.053372,80095.360710,0.000000,102701.179758,CPTY_A,3.718070
97,2019-11-08,14,99802.425997,79209.737370,0.000000,134362.069418,CPTY_A,3.756426
98,2019-11-22,14,102083.884958,80033.785671,0.000000,120199.816741,CPTY_A,3.794783
99,2019-12-06,14,98924.417302,79905.731176,0.000000,129982.681732,CPTY_A,3.833139
100,2019-12-20,14,100712.754119,84474.281686,0.000000,138745.832517,CPTY_A,3.871495
101,2020-01-03,14,98132.269688,79712.322366,0.000000,125076.184943,CPTY_A,3.909836
102,2020-01-17,14,97141.586683,81271.130467,0.000000,130346.301118,CPTY_A,3.948087
103,2020-01-31,14,100794.976377,83273.280517,0.000000,130960.826138,CPTY_A,3.986339
104,2020-02-14,14,101986.668228,78533.023629,0.000000,140806.731813,CPTY_A,4.024590
105,2020-02-28,14,101709.436114,81045.725275,0.000000,116255.848043,CPTY_A,4.062842
106,2020-03-13,14,100008.563600,85200.171625,0.000000,134071.402503,CPTY_A,4.101093
107,2020-03-27,18,100843.880474,82246.170053,0.000000,137896.764125,CPTY_A,4.139344
108,2020-04-14,10,103823.403147,83302.751369,0.000000,137003.906654,CPTY_A,4.188525
109,2020-04-24,17,103920.289438,83992.118779,0.000000,124367.047634,CPTY_A,4.215847
110,2020-05-11,11,103022.012561,84125.474398,0.000000,144080.178178,CPTY_A,4.262295
111,2020-05-22,14,105589.006100,84466.729380,0.000000,131586.777324,CPTY_A,4.292350
112,2020-06-05,14,98989.311058,82287.694955,0.000000,124362.667249,CPTY_A,4.330601
113,2020-06-19,17,100876.746209,80292.585729,0.000000,127833.050500,CPTY_A,4.368852
114,2020-07-06,11,101535.208996,82715.747279,0.000000,124988.932685,CPTY_A,4.415301
115,2020-07-17,14,100159.183590,83761.996800,0.000000,126817.376037,CPTY_A,4.445355
116,2020-07-31,14,97174.178001,82353.710655,0.000000,118231.732520,CPTY_A,4.483607
117,2020-08-14,14,104642.397747,85182.814027,0.000000,136953.096244,CPTY_A,4.521858
118,2020-08-28,14,103843.611434,83754.065338,0.000000,141336.336271,CPTY_A,4.560109
119,2020-09-11,14,100242.218399,82097.629868,0.000000,118327.010571,CPTY_A,4.598361
120,2020-09-25,14,105004.609172,88335.237262,0.000000,146285.038221,CPTY_A,4.636612
121,2020-10-09,14,101525.724135,84527.159098,0.000000,138747.116813,CPTY_A,4.674863
122,2020-10-23,14,103502.979301,83002.769119,0.000000,144987.330626,CPTY_A,4.713115
123,2020-11-06,14,101995.734144,83398.836734,0.000000,142369.557866,CPTY_A,4.751366
124,2020-11-20,14,99495.244695,82700.194819,0.000000,124623.344007,CPTY_A,4.789617
125,2020-12-04,14,103031.389170,86379.257077,0.000000,142897.507865,CPTY_A,4.827869
126,2020-12-18,17,106780.863305,85335.927432,0.000000,151455.493626,CPTY_A,4.866120
127,2021-01-04,11,95343.965633,76327.541554,0.000000,118665.712488,CPTY_A,4.912591
128,2021-01-15,14,110507.710747,89706.083950,0.000000,141871.729243,CPTY_A,4.942728
129,2021-01-29,14,102541.140881,82934.657383,0.000000,122307.638076,CPTY_A,4.981084
130,2021-02-12,14,100957.272001,83884.670700,0.000000,124196.990432,CPTY_A,5.019440
131,2021-02-26,14,102916.349918,83500.890450,0.000000,151951.799343,CPTY_A,5.057796
132,2021-03-12,14,104041.296387,84166.362954,0.000000,128971.660306,CPTY_A,5.096152
133,2021-03-26,14,99125.180339,80169.580734,0.000000,121640.981820,CPTY_A,5.134509
134,2021-04-09,14,100917.615536,81596.133369,0.000000,128918.696635,CPTY_A,5.172865
135,2021-04-23,14,103002.621126,84047.369094,0.000000,125697.950036,CPTY_A,5.211221
136,2021-05-07,14,108485.886624,85853.115877,0.000000,147232.315023,CPTY_A,5.249577
137,2021-05-21,14,103622.148579,85527.672926,0.000000,132697.072929,CPTY_A,5.287933
138,2021-06-04,14,103862.447075,85255.639731,0.000000,153055.550667,CPTY_A,5.326289
139,2021-06-18,14,101217.517548,81846.103726,0.000000,136749.709204,CPTY_A,5.364646
140,2021-07-02,14,102995.521641,83088.232741,0.000000,128597.440215,CPTY_A,5.403002
141,2021-07-16,14,99120.496491,80953.186696,0.000000,131424.195356,CPTY_A,5.441358
142,2021-07-30,14,108813.672902,84990.740065,0.000000,134981.836023,CPTY_A,5.479714
143,2021-08-13,14,102980.640361,82777.535252,0.000000,121121.343454,CPTY_A,5.518070
144,2021-08-27,14,104643.346933,84397.396084,0.000000,140503.141710,CPTY_A,5.556426
145,2021-09-10,14,104051.098186,84590.244689,0.000000,157527.347761,CPTY_A,5.594783
146,2021-09-24,14,105164.016812,84982.145458,0.000000,144801.645653,CPTY_A,5.633139
147,2021-10-08,14,103537.738549,88353.782240,0.000000,135738.620492,CPTY_A,5.671495
148,2021-10-22,14,102060.195586,85473.425155,0.000000,123582.302173,CPTY_A,5.709851
149,2021-11-05,14,102031.716587,84336.648778,0.000000,139044.293287,CPTY_A,5.748207
150,2021-11-19,14,100623.803583,82701.160920,0.000000,124226.335872,CPTY_A,5.786563
151,2021-12-03,14,106869.337348,87743.413714,0.000000,139626.634972,CPTY_A,5.824920
152,2021-12-17,18,111845.171460,88909.356126,0.000000,177081.460934,CPTY_A,5.863276
153,2022-01-04,10,105491.361471,85259.520727,0.000000,135466.992369,CPTY_A,5.912591
154,2022-01-14,14,103479.630424,83534.001440,0.000000,136043.986050,CPTY_A,5.939988
155,2022-01-28,14,104950.149149,84572.440833,0.000000,138713.593387,CPTY_A,5.978344
156,2022-02-11,14,99567.252824,79367.996208,0.000000,114382.492088,CPTY_A,6.016700
157,2022-02-25,14,107620.814344,88117.308408,0.000000,136801.748870,CPTY_A,6.055057
158,2022-03-11,14,104091.986348,83925.569398,0.000000,134160.277395,CPTY_A,6.093413
159,2022-03-25,14,101004.432462,82974.836457,0.000000,137872.763825,CPTY_A,6.131769
160,2022-04-08,14,103324.989416,84639.507314,0.000000,140798.691966,CPTY_A,6.170125
161,2022-04-22,14,100965.279582,83595.978872,0.000000,128915.334336,CPTY_A,6.208481
162,2022-05-06,14,102913.181534,86930.162761,0.000000,132633.168722,CPTY_A,6.246837
163,2022-05-20,14,103535.502939,84441.246567,0.000000,120197.335264,CPTY_A,6.285194
164,2022-06-03,14,100189.162139,85604.072186,0.000000,130747.088481,CPTY_A,6.323550
165,2022-06-17,14,101502.336047,85986.880473,0.000000,126325.341730,CPTY_A,6.361906
166,2022-07-01,14,98591.617282,85828.813851,0.000000,133618.267039,CPTY_A,6.400262
167,2022-07-15,14,101077.506460,87455.875595,0.000000,142225.108904,CPTY_A,6.438618
168,2022-07-29,14,101204.202991,85160.233649,0.000000,133838.070751,CPTY_A,6.476974
169,2022-08-12,14,101430.036712,84283.587648,0.000000,153878.806566,CPTY_A,6.515330
170,2022-08-26,14,103539.389878,88280.388368,0.000000,129095.522063,CPTY_A,6.553687
171,2022-09-09,14,102710.555469,85692.499237,0.000000,131169.257032,CPTY_A,6.592043
172,2022-09-23,14,103804.737619,87700.384030,0.000000,141842.816229,CPTY_A,6.630399
173,2022-10-07,14,105282.011168,89019.118504,0.000000,132989.654135,CPTY_A,6.668755
174,2022-10-21,14,103875.033795,85740.479299,0.000000,129748.220320,CPTY_A,6.707111
175,2022-11-04,14,102061.368846,85112.279390,0.000000,130417.150013,CPTY_A,6.745467
176,2022-11-18,14,106690.087940,90027.294554,0.000000,127008.864850,CPTY_A,6.783824
177,2022-12-02,14,107322.368348,86912.369149,0.000000,134377.467660,CPTY_A,6.822180
178,2022-12-16,14,108406.029326,89264.555313,0.000000,141679.218731,CPTY_A,6.860536
179,2022-12-30,14,109379.920488,93088.062952,0.000000,139918.749009,CPTY_A,6.898892
180,2023-01-13,14,96989.208704,80817.322773,0.000000,136341.484826,CPTY_A,6.937248
181,2023-01-27,14,102670.528705,88567.054736,0.000000,140591.603862,CPTY_A,6.975604
182,2023-02-10,14,101581.210833,85970.145767,0.000000,134651.805268,CPTY_A,7.013961
183,2023-02-24,14,108877.134317,89790.505618,0.000000,138702.125970,CPTY_A,7.052317
184,2023-03-10,14,111602.067299,91565.462261,0.000000,157308.706119,CPTY_A,7.090673
185,2023-03-24,18,102843.867693,85692.544583,0.000000,140549.744505,CPTY_A,7.129029
186,2023-04-11,10,107143.404106,89532.632083,0.000000,137547.194921,CPTY_A,7.178344
187,2023-04-21,14,107611.950190,91517.270102,0.000000,143034.569816,CPTY_A,7.205741
188,2023-05-05,14,102056.355497,86269.293211,0.000000,135072.474967,CPTY_A,7.244098
189,2023-05-19,14,100501.893190,84307.319316,0.000000,133920.508473,CPTY_A,7.282454
190,2023-06-02,14,104954.896000,89665.422792,0.000000,149299.710626,CPTY_A,7.320810
191,2023-06-16,14,100605.989605,84870.444654,0.000000,134102.317404,CPTY_A,7.359166
192,2023-06-30,14,100335.314706,85665.904719,0.000000,134504.355990,CPTY_A,7.397522
193,2023-07-14,14,108732.353380,89750.396618,0.000000,153825.345607,CPTY_A,7.435878
194,2023-07-28,14,111483.272645,93500.119024,0.000000,142413.453183,CPTY_A,7.474235
195,2023-08-11,14,107688.988788,89458.063432,0.000000,151836.120241,CPTY_A,7.512591
196,2023-08-25,14,105955.727372,86810.720045,0.000000,143622.114067,CPTY_A,7.550947
197,2023-09-08,14,106525.263966,87243.654089,0.000000,144451.663392,CPTY_A,7.589303
198,2023-09-22,14,109076.038829,89416.133345,0.000000,164478.395908,CPTY_A,7.627659
199,2023-10-06,14,107749.373453,89540.999944,0.000000,144414.683830,CPTY_A,7.666015
200,2023-10-20,14,104435.116404,89956.027232,0.000000,131659.075455,CPTY_A,7.704372
201,2023-11-03,14,103535.039811,90170.804965,0.000000,157132.162793,CPTY_A,7.742728
202,2023-11-17,14,103290.199860,86679.704812,0.000000,137412.157444,CPTY_A,7.781084
203,2023-12-01,14,105430.479787,89690.918545,0.000000,162719.012953,CPTY_A,7.819440
204,2023-12-15,14,103851.865731,90064.824808,0.000000,147316.001335,CPTY_A,7.857796
205,2023-12-29,14,102435.349327,90293.716161,0.000000,127261.935608,CPTY_A,7.896152
206,2024-01-12,14,104115.623315,90313.701114,0.000000,127887.638902,CPTY_A,7.934426
207,2024-01-26,14,101215.688184,86895.839125,0.000000,123609.179350,CPTY_A,7.972678
208,2024-02-09,14,102512.678229,89821.580296,0.000000,128649.555194,CPTY_A,8.010929
209,2024-02-23,14,105142.223219,90417.867486,0.000000,145856.028606,CPTY_A,8.049180
210,2024-03-08,14,105353.548049,90748.484858,0.000000,139022.030799,CPTY_A,8.087432
211,2024-03-22,14,106631.771684,91221.302723,0.000000,134244.151967,CPTY_A,8.125683
212,2024-04-05,14,103785.963338,90139.791480,0.000000,130027.043496,CPTY_A,8.163934
213,2024-04-19,14,101992.014064,86655.991832,0.000000,129378.288189,CPTY_A,8.202186
214,2024-05-03,14,100742.790827,86225.179547,0.000000,124798.915891,CPTY_A,8.240437
215,2024-05-17,14,103786.331590,87617.484529,0.000000,124436.457470,CPTY_A,8.278689
216,2024-05-31,14,108051.588691,91973.529360,0.000000,151354.524848,CPTY_A,8.316940
217,2024-06-14,14,107027.087772,91456.201504,0.000000,147052.348408,CPTY_A,8.355191
218,2024-06-28,14,104190.991036,89774.554728,0.000000,160627.170646,CPTY_A,8.393443
219,2024-07-12,14,108871.491713,93130.955993,0.000000,159419.289733,CPTY_A,8.431694
220,2024-07-26,14,90747.495722,79148.116618,0.000000,116960.169153,CPTY_A,8.469945
221,2024-08-09,14,116355.622875,100153.985293,0.000000,162025.668658,CPTY_A,8.508197
222,2024-08-23,14,108621.464513,88798.249720,0.000000,165333.857176,CPTY_A,8.546448
223,2024-09-06,14,104275.011002,89672.376069,0.000000,145406.384140,CPTY_A,8.584699
224,2024-09-20,14,101449.471044,91076.593949,0.000000,109970.356311,CPTY_A,8.622951
225,2024-10-04,14,103898.278982,85880.853683,0.000000,127342.029666,CPTY_A,8.661202
226,2024-10-18,14,105529.973530,92109.738253,0.000000,159393.012043,CPTY_A,8.699454
227,2024-11-01,14,103589.631546,88839.175689,0.000000,131397.289114,CPTY_A,8.737705
228,2024-11-15,14,103897.479138,90571.449490,0.000000,131241.108036,CPTY_A,8.775956
229,2024-11-29,14,105795.806211,91802.718369,0.000000,141161.802019,CPTY_A,8.814208
230,2024-12-13,14,102898.984658,90514.098305,0.000000,144296.136223,CPTY_A,8.852459
231,2024-12-27,14,107370.358986,90619.587910,0.000000,146658.283938,CPTY_A,8.890710
232,2025-01-10,14,100267.621825,90234.091619,0.000000,139423.503606,CPTY_A,8.929029
233,2025-01-24,14,106114.730940,92251.902159,0.000000,150554.417350,CPTY_A,8.967385
234,2025-02-07,14,104209.916381,93877.781348,0.000000,150311.391152,CPTY_A,9.005741
235,2025-02-21,14,106691.792460,95203.127563,0.000000,142952.975466,CPTY_A,9.044098
236,2025-03-07,14,109926.250368,95083.701067,0.000000,152230.889048,CPTY_A,9.082454
237,2025-03-21,14,107245.830207,93961.498481,0.000000,143186.100929,CPTY_A,9.120810
238,2025-04-04,18,98590.024603,86550.312680,0.000000,131384.410863,CPTY_A,9.159166
239,2025-04-22,10,107831.260571,93070.692318,0.000000,146544.954341,CPTY_A,9.208481
240,2025-05-02,14,103488.808880,91946.038754,0.000000,135127.931249,CPTY_A,9.235878
241,2025-05-16,14,104806.685343,94497.246102,0.000000,146373.641483,CPTY_A,9.274235
242,2025-05-30,14,101560.702700,89545.627738,0.000000,128048.041459,CPTY_A,9.312591
243,2025-06-13,14,104560.954491,93094.240036,0.000000,143414.145434,CPTY_A,9.350947
244,2025-06-27,14,103487.465889,89842.142824,0.000000,159646.195041,CPTY_A,9.389303
245,2025-07-11,14,106469.089256,93196.073434,0.000000,146463.047414,CPTY_A,9.427659
246,2025-07-25,14,106235.997567,95733.541690,0.000000,142749.664078,CPTY_A,9.466015
247,2025-08-08,14,105737.159209,93518.852660,0.000000,143800.462055,CPTY_A,9.504372
248,2025-08-22,14,109822.965026,97150.872222,0.000000,152273.775412,CPTY_A,9.542728
249,2025-09-05,14,104154.943742,95039.715951,0.000000,156708.195924,CPTY_A,9.581084
250,2025-09-19,14,103112.238647,91826.518570,0.000000,138523.139733,CPTY_A,9.619440
251,2025-10-03,14,110379.726437,97949.760518,0.000000,148555.632593,CPTY_A,9.657796
252,2025-10-17,14,110884.400667,99410.901177,0.000000,149378.426031,CPTY_A,9.696152
253,2025-10-31,14,105149.394432,94970.563020,0.000000,132928.240387,CPTY_A,9.734509
254,2025-11-14,14,104704.059737,92512.935887,0.000000,148512.140171,CPTY_A,9.772865
255,2025-11-28,14,110854.625302,97435.554794,0.000000,156341.621723,CPTY_A,9.811221
256,2025-12-12,17,108419.427819,95681.823162,0.000000,149042.798823,CPTY_A,9.849577
257,2025-12-29,11,111749.134754,101830.833988,0.000000,153675.406095,CPTY_A,9.896152
258,2026-01-09,14,103378.989352,97598.122905,0.000000,133921.413270,CPTY_A,9.926289
259,2026-01-23,14,114890.019832,102855.741103,0.000000,159597.822631,CPTY_A,9.964646
260,2026-02-06,14,106143.399606,95576.462868,0.000000,159539.162490,CPTY_A,10.003002
261,2026-02-20,14,106495.440483,98351.668078,0.000000,151057.509966,CPTY_A,10.041358
262,2026-03-06,14,106965.258389,99017.561686,0.000000,135866.436172,CPTY_A,10.079714
263,2026-03-20,18,106535.064690,99921.340042,0.000000,153562.314422,CPTY_A,10.118070
264,2026-04-07,10,113548.595609,102898.187721,0.000000,141709.280168,CPTY_A,10.167385
265,2026-04-17,18,117157.958863,105469.192847,0.000000,153858.014753,CPTY_A,10.194783
266,2026-05-05,10,121661.433066,110370.002570,0.000000,137455.077465,CPTY_A,10.244098
267,2026-05-15,14,113068.444066,102470.403068,0.000000,154083.225165,CPTY_A,10.271495
268,2026-05-29,14,113318.813944,102734.245731,0.000000,140594.756498,CPTY_A,10.309851
269,2026-06-12,14,108872.725203,102571.724329,0.000000,164184.649364,CPTY_A,10.348207
270,2026-06-26,14,107483.446131,98885.668132,0.000000,132721.344363,CPTY_A,10.386563
271,2026-07-10,14,110050.449466,100818.916829,0.000000,142001.460415,CPTY_A,10.424920
272,2026-07-24,14,107548.077110,100619.863474,0.000000,134125.155264,CPTY_A,10.463276
273,2026-08-07,14,110957.212910,101930.773172,0.000000,159507.747333,CPTY_A,10.501632
274,2026-08-21,14,107109.670021,100142.405486,0.000000,140174.839297,CPTY_A,10.539988
275,2026-09-04,14,106271.652852,96885.471848,0.000000,143341.631396,CPTY_A,10.578344
276,2026-09-18,14,103823.124758,94582.090973,0.000000,137996.461024,CPTY_A,10.616700
277,2026-10-02,14,107949.813164,101507.655425,0.000000,150465.283641,CPTY_A,10.655057
278,2026-10-16,14,109607.792742,101755.509187,0.000000,154597.604877,CPTY_A,10.693413
279,2026-10-30,14,101362.247294,95098.090853,0.000000,147965.842195,CPTY_A,10.731769
280,2026-11-13,14,102503.935971,97607.088542,0.000000,148602.004384,CPTY_A,10.770125
281,2026-11-27,14,106771.271636,99843.099423,0.000000,130058.057038,CPTY_A,10.808481
282,2026-12-11,18,103729.622851,98108.335374,0.000000,123169.099374,CPTY_A,10.846837
283,2026-12-29,10,102947.560801,97278.141021,0.000000,119075.477531,CPTY_A,10.896152
284,2027-01-08,14,100918.100403,94789.062227,0.000000,127208.908489,CPTY_A,10.923550
285,2027-01-22,14,101733.734803,96363.063481,0.000000,131540.488601,CPTY_A,10.961906
286,2027-02-05,14,102636.416756,95159.546848,0.000000,132844.990145,CPTY_A,11.000262
287,2027-02-19,14,100684.145238,93160.793939,-11326.469083,124855.685043,CPTY_A,11.038618
288,2027-03-05,14,96158.367565,89345.946326,0.000000,145749.068869,CPTY_A,11.076974
289,2027-03-19,14,98704.264715,90148.301592,0.000000,139948.854853,CPTY_A,11.115330
290,2027-04-02,14,100322.836101,92745.400122,0.000000,128858.340925,CPTY_A,11.153687
291,2027-04-16,14,98035.898540,93076.481959,0.000000,132210.890529,CPTY_A,11.192043
292,2027-04-30,14,96342.682653,89040.850432,0.000000,132379.983775,CPTY_A,11.230399
293,2027-05-14,14,104958.040419,96460.204080,0.000000,145553.124003,CPTY_A,11.268755
294,2027-05-28,14,86604.271330,82329.747418,0.000000,117582.886093,CPTY_A,11.307111
295,2027-06-11,14,92058.250838,86271.368904,0.000000,126239.663742,CPTY_A,11.345467
296,2027-06-25,14,96600.114230,89483.052846,0.000000,129197.173856,CPTY_A,11.383824
297,2027-07-09,14,96248.862927,90348.665012,0.000000,129663.326729,CPTY_A,11.422180
298,2027-07-23,14,96728.217921,85880.229044,0.000000,128882.195238,CPTY_A,11.460536
299,2027-08-06,14,96976.658526,92858.671878,0.000000,127456.710676,CPTY_A,11.498892
300,2027-08-20,14,95924.509043,89821.906327,-11679.526251,127742.957642,CPTY_A,11.537248
301,2027-09-03,14,93634.909522,89150.105466,0.000000,124132.932746,CPTY_A,11.575604
302,2027-09-17,14,86081.446451,82658.267653,0.000000,107452.813037,CPTY_A,11.613961
303,2027-10-01,14,88843.079732,84277.684798,0.000000,117504.752797,CPTY_A,11.652317
304,2027-10-15,14,90143.226204,84547.950123,0.000000,112341.512953,CPTY_A,11.690673
305,2027-10-29,14,92871.073089,89294.541866,0.000000,119209.002423,CPTY_A,11.729029
306,2027-11-12,14,85274.753683,76789.829761,0.000000,116743.910326,CPTY_A,11.767385
307,2027-11-26,14,91599.541090,89652.674497,0.000000,108017.107203,CPTY_A,11.805741
308,2027-12-10,19,89472.190123,85459.281308,0.000000,116064.257768,CPTY_A,11.844098
309,2027-12-29,9,87631.108716,83970.012466,0.000000,117980.865513,CPTY_A,11.896152
310,2028-01-07,14,88747.298273,82519.112943,0.000000,121138.849797,CPTY_A,11.920765
311,2028-01-21,14,88440.566259,84984.485033,0.000000,111382.496679,CPTY_A,11.959016
312,2028-02-04,14,85818.022928,81407.914570,0.000000,111463.971538,CPTY_A,11.997268
313,2028-02-18,14,89169.348093,82897.391395,60518.755900,115274.136287,CPTY_A,12.035519
314,2028-03-03,14,83328.686105,78629.765322,0.000000,110619.853242,CPTY_A,12.073770
315,2028-03-17,14,82881.636538,78538.021554,0.000000,119895.415148,CPTY_A,12.112022
316,2028-03-31,18,82241.532126,78197.324196,0.000000,109498.431324,CPTY_A,12.150273
317,2028-04-18,10,83454.312347,79860.614192,0.000000,112089.309544,CPTY_A,12.199454
318,2028-04-28,14,80969.193608,77400.167398,0.000000,108505.168574,CPTY_A,12.226776
319,2028-05-12,14,95591.962866,93035.658851,0.000000,129130.884101,CPTY_A,12.265027
320,2028-05-26,14,68075.181682,66602.381147,0.000000,90154.479556,CPTY_A,12.303279
321,2028-06-09,14,81853.168249,79599.062937,0.000000,116236.141200,CPTY_A,12.341530
322,2028-06-23,14,80656.925041,76926.895613,0.000000,112504.464309,CPTY_A,12.379781
323,2028-07-07,14,77773.155199,75152.564341,0.000000,107807.600433,CPTY_A,12.418033
324,2028-07-21,14,80160.079336,77825.835711,0.000000,108987.299543,CPTY_A,12.456284
325,2028-08-04,14,85516.689493,82484.751948,0.000000,114617.217476,CPTY_A,12.494536
326,2028-08-18,14,82899.416953,80016.008463,-12259.645257,116933.916128,CPTY_A,12.532787
327,2028-09-01,14,72642.306915,68731.470580,0.000000,106654.421699,CPTY_A,12.571038
328,2028-09-15,14,79031.440069,74460.132507,0.000000,100760.950624,CPTY_A,12.609290
329,2028-09-29,14,73960.392856,69750.691634,0.000000,99313.605647,CPTY_A,12.647541
330,2028-10-13,14,77966.960728,77916.098060,0.000000,100085.936975,CPTY_A,12.685792
331,2028-10-27,17,75716.622168,72467.419887,0.000000,101605.709428,CPTY_A,12.724044
332,2028-11-13,11,76528.281904,74305.414832,0.000000,101518.535375,CPTY_A,12.770492
333,2028-11-24,14,78849.694290,74657.063203,0.000000,100927.851793,CPTY_A,12.800546
334,2028-12-08,14,74783.143986,70114.779851,0.000000,103937.941604,CPTY_A,12.838798
335,2028-12-22,14,74493.384193,72825.080841,0.000000,98624.521371,CPTY_A,12.877049
336,2029-01-05,14,74574.899904,71292.774259,0.000000,92247.475964,CPTY_A,12.915330
337,2029-01-19,14,75266.426964,73090.618811,0.000000,101448.123734,CPTY_A,12.953687
338,2029-02-02,14,77028.476995,76030.734895,0.000000,97258.879765,CPTY_A,12.992043
339,2029-02-16,14,78980.419766,76650.390746,59468.094260,108963.043561,CPTY_A,13.030399
340,2029-03-02,14,70285.815932,69733.884059,0.000000,97290.648993,CPTY_A,13.068755
341,2029-03-16,18,72528.053265,70571.485612,0.000000,94783.661506,CPTY_A,13.107111
342,2029-04-03,10,66126.980863,65096.631450,0.000000,85081.871892,CPTY_A,13.156426
343,2029-04-13,14,68206.031225,66629.556703,0.000000,92818.843876,CPTY_A,13.183824
344,2029-04-27,14,69674.374795,68807.277390,0.000000,92790.331951,CPTY_A,13.222180
345,2029-05-11,14,70441.432118,67302.113157,0.000000,100524.005757,CPTY_A,13.260536
346,2029-05-25,14,69554.718195,67289.034769,0.000000,93702.804616,CPTY_A,13.298892
347,2029-06-08,14,68676.292175,66373.260489,0.000000,92619.976344,CPTY_A,13.337248
348,2029-06-22,14,73437.395647,71218.493464,0.000000,96857.081005,CPTY_A,13.375604
349,2029-07-06,14,69333.971848,67133.501623,0.000000,90189.478136,CPTY_A,13.413961
350,2029-07-20,14,70316.944948,69216.191022,0.000000,86218.408171,CPTY_A,13.452317
351,2029-08-03,14,67242.516973,66871.237545,0.000000,96045.854150,CPTY_A,13.490673
352,2029-08-17,14,71251.238671,68168.610074,0.000000,95600.713199,CPTY_A,13.529029
353,2029-08-31,14,62933.636741,60318.571222,-12545.251944,82424.025737,CPTY_A,13.567385
354,2029-09-14,14,65422.738937,64336.705729,0.000000,83342.757499,CPTY_A,13.605741
355,2029-09-28,14,65140.097485,62527.827739,0.000000,82560.257317,CPTY_A,13.644098
356,2029-10-12,14,64224.951890,63664.467680,0.000000,84321.058055,CPTY_A,13.682454
357,2029-10-26,14,65009.819636,64474.953778,0.000000,84971.163046,CPTY_A,13.720810
358,2029-11-09,14,64788.031243,63750.540161,0.000000,86543.086043,CPTY_A,13.759166
359,2029-11-23,14,63368.805662,60909.840814,0.000000,77126.306877,CPTY_A,13.797522
360,2029-12-07,14,63203.851660,62806.720778,0.000000,89305.198536,CPTY_A,13.835878
361,2029-12-21,14,64672.949875,63629.268414,0.000000,79389.559514,CPTY_A,13.874235
362,2030-01-04,14,63535.382389,63041.027191,0.000000,82461.050517,CPTY_A,13.912591
363,2030-01-18,14,65129.928633,64008.378318,0.000000,81398.592359,CPTY_A,13.950947
364,2030-02-01,14,63042.048689,63042.396314,0.000000,81921.769827,CPTY_A,13.989303
365,2030-02-15,14,60976.025182,58531.731581,59030.219271,84933.639409,CPTY_A,14.027659
366,2030-03-01,14,60728.219406,61661.389128,0.000000,80027.389817,CPTY_A,14.066015
367,2030-03-15,14,58306.282548,56143.366863,0.000000,74338.713522,CPTY_A,14.104372
368,2030-03-29,14,56683.559729,55881.695891,0.000000,74254.665632,CPTY_A,14.142728
369,2030-04-12,14,57575.027266,56375.341686,0.000000,79382.741117,CPTY_A,14.181084
370,2030-04-26,14,57290.590389,57287.368797,0.000000,76890.886877,CPTY_A,14.219440
371,2030-05-10,14,56851.602397,57028.027848,0.000000,75642.141780,CPTY_A,14.257796
372,2030-05-24,14,57457.586438,58394.109546,0.000000,72373.357257,CPTY_A,14.296152
373,2030-06-07,14,56341.720523,56578.265783,0.000000,85913.731695,CPTY_A,14.334509
374,2030-06-21,14,56865.389542,56489.718564,0.000000,79199.605776,CPTY_A,14.372865
375,2030-07-05,14,55619.174856,55778.391506,0.000000,69235.493043,CPTY_A,14.411221
376,2030-07-19,14,57444.066754,56903.947864,0.000000,80327.826836,CPTY_A,14.449577
377,2030-08-02,14,56687.234728,57541.771017,0.000000,70516.358538,CPTY_A,14.487933
378,2030-08-16,14,58570.891438,58923.799621,0.000000,80527.842894,CPTY_A,14.526289
379,2030-08-30,14,52627.158359,53401.860144,-12376.294674,69195.030528,CPTY_A,14.564646
380,2030-09-13,14,51606.115433,52142.331921,0.000000,65688.924664,CPTY_A,14.603002
381,2030-09-27,14,50530.516280,50862.970130,0.000000,61015.095206,CPTY_A,14.641358
382,2030-10-11,14,51985.207404,51396.663746,0.000000,72281.480189,CPTY_A,14.679714
383,2030-10-25,14,50892.491208,51020.197340,0.000000,69695.821798,CPTY_A,14.718070
384,2030-11-08,14,52371.531133,52767.999960,0.000000,70572.277074,CPTY_A,14.756426
385,2030-11-22,14,53185.694511,53560.952776,0.000000,71038.851642,CPTY_A,14.794783
386,2030-12-06,14,52814.673236,52857.639840,0.000000,69733.001575,CPTY_A,14.833139
387,2030-12-20,14,50911.223473,51751.728238,0.000000,64154.311336,CPTY_A,14.871495
388,2031-01-03,14,51740.713063,52317.928846,0.000000,71781.335766,CPTY_A,14.909851
389,2031-01-17,14,51980.102691,52316.853847,0.000000,71144.268993,CPTY_A,14.948207
390,2031-01-31,14,49314.111501,49988.497034,0.000000,60216.284947,CPTY_A,14.986563
391,2031-02-14,14,51433.321554,51761.619556,0.000000,65046.970824,CPTY_A,15.024920
392,2031-02-28,14,47672.480960,48129.239766,58172.254996,66462.481816,CPTY_A,15.063276
393,2031-03-14,14,47785.775494,48887.955574,0.000000,62850.107213,CPTY_A,15.101632
394,2031-03-28,18,43445.712290,44525.679305,0.000000,56679.910426,CPTY_A,15.139988
395,2031-04-15,10,45293.128931,45186.372360,0.000000,56451.138306,CPTY_A,15.189303
396,2031-04-25,14,47503.753585,48127.398971,0.000000,66681.881342,CPTY_A,15.216700
397,2031-05-09,14,46174.685880,47356.665463,0.000000,54691.348225,CPTY_A,15.255057
398,2031-05-23,14,46525.406783,46183.018566,0.000000,62281.262923,CPTY_A,15.293413
399,2031-06-06,14,47837.537295,48547.547015,0.000000,63913.685134,CPTY_A,15.331769
400,2031-06-20,17,44267.882344,45084.239444,0.000000,62706.310797,CPTY_A,15.370125
401,2031-07-07,11,46804.325455,47428.463806,0.000000,70244.067933,CPTY_A,15.416700
402,2031-07-18,17,45400.564075,46492.206981,0.000000,61006.700105,CPTY_A,15.446837
403,2031-08-04,11,45754.629315,47083.385349,0.000000,60876.793877,CPTY_A,15.493413
404,2031-08-15,14,45641.620069,46664.244215,0.000000,59933.133903,CPTY_A,15.523550
405,2031-08-29,14,40065.439844,40537.617886,-12585.609027,54005.076538,CPTY_A,15.561906
406,2031-09-12,14,40010.312006,40971.725227,0.000000,55120.837373,CPTY_A,15.600262
407,2031-09-26,14,41248.491457,41381.356747,0.000000,54517.794956,CPTY_A,15.638618
408,2031-10-10,14,37977.494579,39071.227078,0.000000,54916.050514,CPTY_A,15.676974
409,2031-10-24,14,39679.778065,40527.419151,0.000000,59377.359389,CPTY_A,15.715330
410,2031-11-07,14,41229.356521,41533.275440,0.000000,53711.412937,CPTY_A,15.753687
411,2031-11-21,14,41844.427698,42561.330675,0.000000,56687.318952,CPTY_A,15.792043
412,2031-12-05,14,39956.264618,41310.872132,0.000000,58688.949849,CPTY_A,15.830399
413,2031-12-19,17,40718.694419,41224.635311,0.000000,52029.218142,CPTY_A,15.868755
414,2032-01-05,11,41126.750258,42140.328315,0.000000,52340.081473,CPTY_A,15.915301
415,2032-01-16,14,41585.898574,42101.623635,0.000000,55700.833014,CPTY_A,15.945355
416,2032-01-30,14,41224.769480,42318.761092,0.000000,51309.370244,CPTY_A,15.983607
417,2032-02-13,14,40985.317096,41718.685599,0.000000,55061.212319,CPTY_A,16.021858
418,2032-02-27,14,35436.472214,36466.542278,56436.847263,46448.424384,CPTY_A,16.060109
419,2032-03-12,18,34868.371160,35891.191490,0.000000,49546.795049,CPTY_A,16.098361
420,2032-03-30,10,34952.790518,36105.406999,0.000000,47926.127148,CPTY_A,16.147541
421,2032-04-09,14,35436.963816,36671.286151,0.000000,49009.169607,CPTY_A,16.174863
422,2032-04-23,14,34536.638741,35505.552123,0.000000,47994.698179,CPTY_A,16.213115
423,2032-05-07,14,35421.332484,36586.819650,0.000000,45586.046340,CPTY_A,16.251366
424,2032-05-21,14,34044.419236,35506.135879,0.000000,44388.121833,CPTY_A,16.289617
425,2032-06-04,14,35939.948278,37274.807230,0.000000,44617.212722,CPTY_A,16.327869
426,2032-06-18,14,34516.687379,35416.218370,0.000000,43926.006547,CPTY_A,16.366120
427,2032-07-02,14,33437.071300,34662.771496,0.000000,40155.253256,CPTY_A,16.404372
428,2032-07-16,14,34831.462867,35524.440709,0.000000,47333.038765,CPTY_A,16.442623
429,2032-07-30,14,36130.813953,36882.397620,0.000000,47673.985512,CPTY_A,16.480874
430,2032-08-13,14,33661.820955,35043.043295,0.000000,42860.596515,CPTY_A,16.519126
431,2032-08-27,14,34600.407541,35094.567384,-13291.061294,45013.474637,CPTY_A,16.557377
432,2032-09-10,14,29880.037592,31085.535385,0.000000,36314.892994,CPTY_A,16.595628
433,2032-09-24,14,29285.659772,30156.172835,0.000000,37386.922067,CPTY_A,16.633880
434,2032-10-08,14,30923.760939,32114.420829,0.000000,41678.827985,CPTY_A,16.672131
435,2032-10-22,14,28822.913309,29925.710363,0.000000,35219.855452,CPTY_A,16.710383
436,2032-11-05,14,29530.108402,30696.153399,0.000000,38824.029723,CPTY_A,16.748634
437,2032-11-19,14,29228.437903,30570.923355,0.000000,37190.137001,CPTY_A,16.786885
438,2032-12-03,14,29951.806852,31139.285903,0.000000,40056.659120,CPTY_A,16.825137
439,2032-12-17,18,30482.937489,31842.183778,0.000000,38461.615295,CPTY_A,16.863388
440,2033-01-04,10,28614.465155,29857.194445,0.000000,35351.510603,CPTY_A,16.912591
441,2033-01-14,14,30384.808917,31865.680292,0.000000,38876.672576,CPTY_A,16.939988
442,2033-01-28,14,29358.758263,30647.638692,0.000000,40481.200835,CPTY_A,16.978344
443,2033-02-11,14,30196.752820,31645.137403,0.000000,40938.325745,CPTY_A,17.016700
444,2033-02-25,14,30194.447839,31642.613427,55522.101781,36863.923782,CPTY_A,17.055057
445,2033-03-11,14,26719.067365,27873.606947,0.000000,34504.291700,CPTY_A,17.093413
446,2033-03-25,14,22349.391433,23620.856383,0.000000,29868.523856,CPTY_A,17.131769
447,2033-04-08,14,24687.580108,25824.910649,0.000000,32821.397088,CPTY_A,17.170125
448,2033-04-22,14,24006.670446,25070.433359,0.000000,34153.401050,CPTY_A,17.208481
449,2033-05-06,14,23882.284327,25005.990789,0.000000,31504.444501,CPTY_A,17.246837
450,2033-05-20,14,24255.204792,25454.204767,0.000000,31199.305863,CPTY_A,17.285194
451,2033-06-03,14,25799.680574,26779.057042,0.000000,35415.549882,CPTY_A,17.323550
452,2033-06-17,14,24466.952471,25836.297044,0.000000,33080.916074,CPTY_A,17.361906
453,2033-07-01,14,23050.717198,24004.266314,0.000000,28857.430247,CPTY_A,17.400262
454,2033-07-15,14,24948.558292,26235.982235,0.000000,31471.096029,CPTY_A,17.438618
455,2033-07-29,14,24792.022151,25840.525428,0.000000,32289.444625,CPTY_A,17.476974
456,2033-08-12,14,23094.400680,24439.829524,0.000000,31570.357968,CPTY_A,17.515330
457,2033-08-26,14,23430.494739,24771.114935,-13795.419825,30014.969656,CPTY_A,17.553687
458,2033-09-09,14,19651.542372,20669.096853,0.000000,27473.439896,CPTY_A,17.592043
459,2033-09-23,14,19325.618842,20361.501465,0.000000,25746.016433,CPTY_A,17.630399
460,2033-10-07,14,18846.471805,19896.202039,0.000000,26178.494430,CPTY_A,17.668755
461,2033-10-21,14,18644.504210,19749.163905,0.000000,24495.243139,CPTY_A,17.707111
462,2033-11-04,14,19293.439276,20457.902033,0.000000,26899.821497,CPTY_A,17.745467
463,2033-11-18,14,19392.740826,20447.469165,0.000000,26082.202491,CPTY_A,17.783824
464,2033-12-02,14,19310.661566,20460.800329,0.000000,26569.489128,CPTY_A,17.822180
465,2033-12-16,14,19569.135774,20737.525459,0.000000,26344.707503,CPTY_A,17.860536
466,2033-12-30,14,18977.137448,20067.536335,0.000000,25592.233391,CPTY_A,17.898892
467,2034-01-13,14,19319.895312,20388.222267,0.000000,23849.116712,CPTY_A,17.937248
468,2034-01-27,14,20750.287216,21980.275865,0.000000,27350.429791,CPTY_A,17.975604
469,2034-02-10,14,19749.551816,20860.060100,0.000000,28115.192362,CPTY_A,18.013961
470,2034-02-24,14,19444.561466,20649.166141,54905.385694,23622.021923,CPTY_A,18.052317
471,2034-03-10,14,14563.429967,15443.658329,0.000000,18896.099205,CPTY_A,18.090673
472,2034-03-24,18,14443.671684,15344.437280,0.000000,18674.119346,CPTY_A,18.129029
473,2034-04-11,10,14224.397063,15096.438546,0.000000,17645.204235,CPTY_A,18.178344
474,2034-04-21,14,13994.084572,14900.281933,0.000000,19062.548186,CPTY_A,18.205741
475,2034-05-05,14,13724.237611,14608.326021,0.000000,17058.796918,CPTY_A,18.244098
476,2034-05-19,14,14952.302998,15951.924936,0.000000,21462.810765,CPTY_A,18.282454
477,2034-06-02,14,13908.171474,14855.762772,0.000000,17119.491777,CPTY_A,18.320810
478,2034-06-16,14,13845.034154,14742.158851,0.000000,16935.282489,CPTY_A,18.359166
479,2034-06-30,14,14894.391746,15897.874107,0.000000,19594.599777,CPTY_A,18.397522
480,2034-07-14,14,13996.973347,14895.447961,0.000000,18171.991172,CPTY_A,18.435878
481,2034-07-28,14,14054.285557,15006.707268,0.000000,17797.920564,CPTY_A,18.474235
482,2034-08-11,14,13697.557228,14586.419647,0.000000,18228.462460,CPTY_A,18.512591
483,2034-08-25,14,13769.129421,14661.945722,-13975.617405,18098.618522,CPTY_A,18.550947
484,2034-09-08,14,9947.925858,10619.234430,0.000000,13292.827464,CPTY_A,18.589303
485,2034-09-22,14,9933.902976,10620.908902,0.000000,13783.350757,CPTY_A,18.627659
486,2034-10-06,14,9319.775948,9978.689704,0.000000,12297.435903,CPTY_A,18.666015
487,2034-10-20,14,9619.746604,10285.418443,0.000000,12381.969070,CPTY_A,18.704372
488,2034-11-03,14,9408.966091,10077.850858,0.000000,12096.457949,CPTY_A,18.742728
489,2034-11-17,14,9660.790190,10350.724019,0.000000,12262.548261,CPTY_A,18.781084
490,2034-12-01,14,9814.066150,10554.906026,0.000000,12775.132956,CPTY_A,18.819440
491,2034-12-15,14,9392.556475,10076.879512,0.000000,12703.021886,CPTY_A,18.857796
492,2034-12-29,14,9563.029288,10240.924889,0.000000,12509.394572,CPTY_A,18.896152
493,2035-01-12,14,9649.060880,10349.587887,0.000000,12323.041754,CPTY_A,18.934509
494,2035-01-26,14,9849.065129,10555.327165,0.000000,12643.223656,CPTY_A,18.972865
495,2035-02-09,14,9591.160856,10305.021996,0.000000,12704.814774,CPTY_A,19.011221
496,2035-02-23,14,9485.538007,10220.816895,53948.936590,11894.606136,CPTY_A,19.049577
497,2035-03-09,18,4695.263804,5062.050944,0.000000,6244.701018,CPTY_A,19.087933
498,2035-03-27,10,4745.138723,5137.989029,0.000000,6292.170890,CPTY_A,19.137248
499,2035-04-06,14,4791.760415,5162.398279,0.000000,6709.500501,CPTY_A,19.164646
500,2035-04-20,14,4692.248160,5055.085820,0.000000,6843.546517,CPTY_A,19.203002
501,2035-05-04,14,4640.938035,5007.377769,0.000000,5675.693925,CPTY_A,19.241358
502,2035-05-18,14,4671.632321,5036.797695,0.000000,5897.038206,CPTY_A,19.279714
503,2035-06-01,14,4811.360689,5189.152941,0.000000,6489.146528,CPTY_A,19.318070
504,2035-06-15,14,4597.661157,4955.581352,0.000000,6071.438994,CPTY_A,19.356426
505,2035-06-29,14,4822.368255,5209.660549,0.000000,5652.593374,CPTY_A,19.394783
506,2035-07-13,14,4666.952393,5050.005898,0.000000,5796.047697,CPTY_A,19.433139
507,2035-07-27,14,4729.790749,5117.897246,0.000000,6400.674177,CPTY_A,19.471495
508,2035-08-10,14,4921.985939,5319.567260,0.000000,6438.633945,CPTY_A,19.509851
509,2035-08-24,14,4833.721234,5242.426676,-14520.392687,6678.095363,CPTY_A,19.548207
510,2035-09-07,14,115.892772,113.937870,0.000000,108.301406,CPTY_A,19.586563
511,2035-09-21,14,90.616967,89.393153,0.000000,91.534141,CPTY_A,19.624920
512,2035-10-05,14,108.721998,107.262954,0.000000,99.317811,CPTY_A,19.663276
513,2035-10-19,14,99.134654,98.607827,0.000000,102.844781,CPTY_A,19.701632
514,2035-11-02,14,108.341302,111.023451,0.000000,64.530126,CPTY_A,19.739988
515,2035-11-16,14,100.979288,100.511039,0.000000,78.907074,CPTY_A,19.778344
516,2035-11-30,14,96.243189,95.479634,0.000000,74.597557,CPTY_A,19.816700
517,2035-12-14,14,92.966867,90.847112,0.000000,69.846625,CPTY_A,19.855057
518,2035-12-28,14,91.620484,89.821491,0.000000,67.022411,CPTY_A,19.893413
519,2036-01-11,14,91.116185,89.398130,0.000000,68.030017,CPTY_A,19.931694
520,2036-01-25,14,91.683608,90.060045,0.000000,62.938464,CPTY_A,19.969945
521,2036-02-08,14,88.762626,86.809185,0.000000,61.512278,CPTY_A,20.008197
522,2036-02-22,14,63.664183,62.415326,53754.176604,45.202844,CPTY_A,20.046448
523,2036-03-07,14,0.000000,0.000000,0.000000,0.000000,CPTY_A,20.084699
524,2036-03-21,14,0.000000,0.000000,0.000000,0.000000,CPTY_A,20.122951
525,2036-04-04,14,0.000000,0.000000,0.000000,0.000000,CPTY_A,20.161202
526,2036-04-18,14,0.000000,0.000000,0.000000,0.000000,CPTY_A,20.199454
527,2036-05-02,14,0.000000,0.000000,0.000000,0.000000,CPTY_A,20.237705
528,2036-05-16,14,0.000000,0.000000,0.000000,0.000000,CPTY_A,20.275956
529,2036-05-30,14,0.000000,0.000000,0.000000,0.000000,CPTY_A,20.314208
530,2036-06-13,14,0.000000,0.000000,0.000000,0.000000,CPTY_A,20.352459
531,2036-06-27,14,0.000000,0.000000,0.000000,0.000000,CPTY_A,20.390710
532,2036-07-11,14,0.000000,0.000000,0.000000,0.000000,CPTY_A,20.428962
533,2036-07-25,14,0.000000,0.000000,0.000000,0.000000,CPTY_A,20.467213
534,2036-08-08,14,0.000000,0.000000,0.000000,0.000000,CPTY_A,20.505464
535,2036-08-22,14,0.000000,0.000000,0.000000,0.000000,CPTY_A,20.543716
536,2036-09-05,14,0.000000,0.000000,0.000000,0.000000,CPTY_A,20.581967
537,2036-09-19,14,0.000000,0.000000,0.000000,0.000000,CPTY_A,20.620219
538,2036-10-03,14,0.000000,0.000000,0.000000,0.000000,CPTY_A,20.658470
