#TimeStep,Date,DaysInPeriod,ZeroOrderDIM,AverageDIM,AverageFLOW,SimpleDIM,NettingSet,Time
0,2016-02-19,14,1671933.880538,1638695.415755,0.000000,2049367.750211,CPTY_A,0.038251
1,2016-03-04,14,1562286.298743,1546626.071089,9854.283965,1832800.683932,CPTY_A,0.076503
2,2016-03-18,14,1597790.554190,1586339.558920,0.000000,1823968.318774,CPTY_A,0.114754
3,2016-04-01,14,1533316.466010,1500415.450942,0.000000,1452283.912033,CPTY_A,0.153005
4,2016-04-15,14,1753963.389567,1716333.643326,0.000000,1914197.530665,CPTY_A,0.191257
5,2016-04-29,14,1538315.118072,1445210.658275,0.000000,1565114.494693,CPTY_A,0.229508
6,2016-05-13,14,1441049.049873,1395712.464063,0.000000,1332011.595246,CPTY_A,0.267760
7,2016-05-27,14,1369082.294428,1347521.742960,63143.521885,1292001.610422,CPTY_A,0.306011
8,2016-06-10,14,1616420.836533,1607981.020988,0.000000,1395073.882460,CPTY_A,0.344262
9,2016-06-24,14,1450416.677657,1429365.256926,0.000000,1199918.065317,CPTY_A,0.382514
10,2016-07-08,14,1623300.999960,1585863.613372,0.000000,1662829.885350,CPTY_A,0.420765
11,2016-07-22,14,1554028.025012,1550858.157569,0.000000,1535550.419513,CPTY_A,0.459016
12,2016-08-05,14,1538891.855158,1531284.895106,0.000000,1840156.054483,CPTY_A,0.497268
13,2016-08-19,14,1461755.376568,1455819.230066,0.000000,1580893.458323,CPTY_A,0.535519
14,2016-09-02,14,1565012.183545,1436710.891964,-238255.507813,1809295.738812,CPTY_A,0.573770
15,2016-09-16,14,1696520.663271,1695598.740278,0.000000,1460447.655531,CPTY_A,0.612022
16,2016-09-30,14,1498392.167248,1478457.365945,0.000000,1413072.112504,CPTY_A,0.650273
17,2016-10-14,14,1614780.053812,1589411.702415,0.000000,1452948.204113,CPTY_A,0.688525
18,2016-10-28,17,1355438.747112,1357262.211168,0.000000,1211439.223364,CPTY_A,0.726776
19,2016-11-14,11,1545598.526201,1463597.996701,0.000000,1858409.333159,CPTY_A,0.773224
20,2016-11-25,14,1456935.265597,1454531.027361,65820.046133,1348393.814388,CPTY_A,0.803279
21,2016-12-09,14,1720921.271727,1702936.377989,0.000000,1716688.774855,CPTY_A,0.841530
22,2016-12-23,14,1156376.128828,1148736.604604,0.000000,952678.081104,CPTY_A,0.879781
23,2017-01-06,14,1573480.791227,1459098.509642,0.000000,1327760.679979,CPTY_A,0.918070
24,2017-01-20,14,1540379.435973,1514547.206098,0.000000,1744535.727717,CPTY_A,0.956426
25,2017-02-03,14,1394384.467209,1385773.153009,0.000000,1303684.219826,CPTY_A,0.994783
26,2017-02-17,14,1573719.042523,1481015.222678,0.000000,1349108.697657,CPTY_A,1.033139
27,2017-03-03,14,1569557.271189,1481922.731057,-220927.751875,2498322.231031,CPTY_A,1.071495
28,2017-03-17,14,1565056.985842,1541027.550522,0.000000,1655789.163770,CPTY_A,1.109851
29,2017-03-31,18,1476321.972163,1457116.140487,0.000000,1463175.436509,CPTY_A,1.148207
30,2017-04-18,10,1444961.945552,1425813.784398,0.000000,1306873.752944,CPTY_A,1.197522
31,2017-04-28,14,1655855.997351,1554205.285805,0.000000,2726536.422549,CPTY_A,1.224920
32,2017-05-12,14,1395787.302285,1346955.766073,0.000000,1169567.642575,CPTY_A,1.263276
33,2017-05-26,14,1637437.477563,1616597.445792,73934.433540,1693587.807618,CPTY_A,1.301632
34,2017-06-09,14,1719079.610049,1684297.375277,0.000000,1608966.317158,CPTY_A,1.339988
35,2017-06-23,14,1449654.351584,1394165.821290,0.000000,1419671.993394,CPTY_A,1.378344
36,2017-07-07,14,1516329.452026,1453395.942791,0.000000,2030535.644745,CPTY_A,1.416700
37,2017-07-21,14,1535471.173748,1445664.134299,0.000000,1521174.933777,CPTY_A,1.455057
38,2017-08-04,14,1481425.396783,1416322.743792,0.000000,1299397.978743,CPTY_A,1.493413
39,2017-08-18,14,1594352.122017,1565618.510586,0.000000,2356649.697886,CPTY_A,1.531769
40,2017-09-01,14,1514327.788202,1502262.588952,-223009.661172,1401668.228185,CPTY_A,1.570125
41,2017-09-15,14,1356353.697662,1311919.620840,0.000000,1675572.966097,CPTY_A,1.608481
42,2017-09-29,14,1466075.901543,1446783.316109,0.000000,1403690.329439,CPTY_A,1.646837
43,2017-10-13,14,1453422.930910,1442560.535431,0.000000,1218149.486003,CPTY_A,1.685194
44,2017-10-27,17,1598912.702725,1543269.889650,0.000000,1414028.730185,CPTY_A,1.723550
45,2017-11-13,11,1770638.286212,1611946.875448,0.000000,2407384.332615,CPTY_A,1.770125
46,2017-11-24,14,1469728.931493,1367618.145870,71255.392842,1900483.263604,CPTY_A,1.800262
47,2017-12-08,14,1503380.028503,1495000.006629,0.000000,1749104.925620,CPTY_A,1.838618
48,2017-12-22,14,1490016.178767,1477433.391787,0.000000,1165625.420535,CPTY_A,1.876974
49,2018-01-05,14,1733738.965814,1595879.338183,0.000000,1560221.334677,CPTY_A,1.915330
50,2018-01-19,14,1273397.514638,1262596.152658,0.000000,1294917.043549,CPTY_A,1.953687
51,2018-02-02,14,1427497.798063,1391521.236528,0.000000,1316620.658318,CPTY_A,1.992043
52,2018-02-16,14,1400502.963578,1374598.524871,0.000000,1327858.344333,CPTY_A,2.030399
53,2018-03-02,14,1508715.712978,1391710.741400,-207067.023984,1901201.822535,CPTY_A,2.068755
54,2018-03-16,18,1309486.429469,1307576.336840,0.000000,1288528.326452,CPTY_A,2.107111
55,2018-04-03,10,1557764.976904,1510799.904917,0.000000,1423346.908903,CPTY_A,2.156426
56,2018-04-13,14,1543318.813657,1527194.202317,0.000000,1606342.647373,CPTY_A,2.183824
57,2018-04-27,14,1677938.009050,1603171.834819,0.000000,2546875.935336,CPTY_A,2.222180
58,2018-05-11,14,1952198.562627,1919112.082855,0.000000,1601140.131928,CPTY_A,2.260536
59,2018-05-25,14,1624361.478893,1478122.266715,88928.555308,2030588.361169,CPTY_A,2.298892
60,2018-06-08,14,1364763.061955,1236068.920648,0.000000,1905711.281897,CPTY_A,2.337248
61,2018-06-22,14,1536312.813683,1535884.070732,0.000000,1760975.215899,CPTY_A,2.375604
62,2018-07-06,14,1603453.537500,1582604.367292,0.000000,1653951.514580,CPTY_A,2.413961
63,2018-07-20,14,1727794.745594,1594318.095408,0.000000,1739415.993906,CPTY_A,2.452317
64,2018-08-03,14,1814246.414631,1646975.255504,0.000000,1557182.460630,CPTY_A,2.490673
65,2018-08-17,14,1542377.463098,1488583.217437,0.000000,1743624.540275,CPTY_A,2.529029
66,2018-08-31,14,1850565.298936,1630509.825583,-202960.360234,2377525.197018,CPTY_A,2.567385
67,2018-09-14,14,1310389.690401,1288088.583826,0.000000,1300134.674814,CPTY_A,2.605741
68,2018-09-28,14,1602236.146357,1598620.317589,0.000000,1782710.386614,CPTY_A,2.644098
69,2018-10-12,14,1449618.623684,1383234.193569,0.000000,1024289.099947,CPTY_A,2.682454
70,2018-10-26,14,1592726.607455,1491658.649569,0.000000,1246551.699672,CPTY_A,2.720810
71,2018-11-09,14,1615945.836213,1525218.277638,0.000000,1630014.635449,CPTY_A,2.759166
72,2018-11-23,14,1657095.869013,1520855.179017,88080.318740,2116203.182773,CPTY_A,2.797522
73,2018-12-07,14,1530180.577832,1529585.175220,0.000000,1715836.494209,CPTY_A,2.835878
74,2018-12-21,14,1839364.144199,1737276.730381,0.000000,1987948.410794,CPTY_A,2.874235
75,2019-01-04,14,1557852.625756,1441555.308838,0.000000,1449700.160471,CPTY_A,2.912591
76,2019-01-18,14,1657487.837443,1614198.546887,0.000000,1426503.378790,CPTY_A,2.950947
77,2019-02-01,14,1699805.036297,1534418.879498,0.000000,1865736.757736,CPTY_A,2.989303
78,2019-02-15,14,1492636.820851,1477689.453487,0.000000,1788020.876227,CPTY_A,3.027659
79,2019-03-01,14,1845909.804989,1790604.734743,-187716.209141,1962095.307903,CPTY_A,3.066015
80,2019-03-15,14,1882232.027055,1724883.901184,0.000000,1873673.281821,CPTY_A,3.104372
81,2019-03-29,14,2018052.725591,1663950.381523,0.000000,2052325.393907,CPTY_A,3.142728
82,2019-04-12,14,1687783.863302,1590855.120535,0.000000,2235890.220510,CPTY_A,3.181084
83,2019-04-26,14,1727166.957432,1696434.731856,0.000000,1921129.818253,CPTY_A,3.219440
84,2019-05-10,14,1661269.358244,1566314.639364,0.000000,2267009.059940,CPTY_A,3.257796
85,2019-05-24,14,1881161.395437,1707434.020367,111225.483539,2270900.036296,CPTY_A,3.296152
86,2019-06-07,14,1799129.126094,1694603.173597,0.000000,1453623.623188,CPTY_A,3.334509
87,2019-06-21,14,1754759.489128,1661305.347755,0.000000,1939076.072798,CPTY_A,3.372865
88,2019-07-05,14,1904029.899248,1711597.056995,0.000000,2317369.729673,CPTY_A,3.411221
89,2019-07-19,14,1915476.835404,1871550.381180,0.000000,1496964.771986,CPTY_A,3.449577
90,2019-08-02,14,1579046.808239,1501841.682308,0.000000,2103742.730872,CPTY_A,3.487933
91,2019-08-16,14,1813625.318166,1770110.314838,0.000000,2445685.584150,CPTY_A,3.526289
92,2019-08-30,14,1814519.771434,1611774.147797,-175327.795693,2033068.279371,CPTY_A,3.564646
93,2019-09-13,14,1695887.268718,1667050.870931,0.000000,1724701.203007,CPTY_A,3.603002
94,2019-09-27,14,1669163.809055,1630496.562762,0.000000,1502887.403113,CPTY_A,3.641358
95,2019-10-11,14,1958663.192387,1938930.910634,0.000000,2803739.379315,CPTY_A,3.679714
96,2019-10-25,14,1794442.407705,1620927.739636,0.000000,1775132.892604,CPTY_A,3.718070
97,2019-11-08,14,1908904.333532,1795760.924353,0.000000,2387759.304129,CPTY_A,3.756426
98,2019-11-22,14,1717285.932704,1613869.633338,106318.628359,1836734.705663,CPTY_A,3.794783
99,2019-12-06,14,1430766.192008,1309392.761644,0.000000,1129941.368117,CPTY_A,3.833139
100,2019-12-20,14,1766319.286743,1590777.724280,0.000000,1052739.150179,CPTY_A,3.871495
101,2020-01-03,14,1803526.271890,1787927.133829,0.000000,1609274.258035,CPTY_A,3.909836
102,2020-01-17,14,1639219.314067,1631459.507566,0.000000,1659589.681542,CPTY_A,3.948087
103,2020-01-31,14,1675453.091484,1548849.291363,0.000000,1935118.642450,CPTY_A,3.986339
104,2020-02-14,14,1517140.780040,1431993.905764,0.000000,1519347.649096,CPTY_A,4.024590
105,2020-02-28,14,1560333.987372,1402422.717701,-167845.737317,1226596.180758,CPTY_A,4.062842
106,2020-03-13,14,1980058.241784,1811875.968426,0.000000,1591064.031090,CPTY_A,4.101093
107,2020-03-27,18,1743795.084254,1721511.496586,0.000000,1825815.847731,CPTY_A,4.139344
108,2020-04-14,10,1519693.920908,1458611.523671,0.000000,1237906.892328,CPTY_A,4.188525
109,2020-04-24,17,1998298.750486,1776265.998216,0.000000,2636202.035314,CPTY_A,4.215847
110,2020-05-11,11,1820486.936237,1655287.524792,0.000000,2185999.733287,CPTY_A,4.262295
111,2020-05-22,14,1736987.699420,1669866.674752,123518.471172,2009900.512326,CPTY_A,4.292350
112,2020-06-05,14,1699784.201333,1660704.411128,0.000000,1920683.987356,CPTY_A,4.330601
113,2020-06-19,17,1956910.232436,1679160.452673,0.000000,2833553.519217,CPTY_A,4.368852
114,2020-07-06,11,1596160.716132,1480366.205709,0.000000,1449085.463621,CPTY_A,4.415301
115,2020-07-17,14,1998577.719048,1714089.909184,0.000000,2864505.200647,CPTY_A,4.445355
116,2020-07-31,14,1664520.336443,1567870.438740,0.000000,1881550.752750,CPTY_A,4.483607
117,2020-08-14,14,1752052.126136,1526782.796076,0.000000,1779495.452712,CPTY_A,4.521858
118,2020-08-28,14,1815806.974929,1621018.862632,-160665.898027,2526018.606912,CPTY_A,4.560109
119,2020-09-11,14,1722367.744530,1612919.269253,0.000000,1958955.629752,CPTY_A,4.598361
120,2020-09-25,14,1668923.320057,1513929.256448,0.000000,1647130.202390,CPTY_A,4.636612
121,2020-10-09,14,1549119.377068,1488296.272941,0.000000,1488812.525281,CPTY_A,4.674863
122,2020-10-23,14,1659043.971762,1615953.093751,0.000000,1854992.346155,CPTY_A,4.713115
123,2020-11-06,14,1813009.148404,1719342.982154,0.000000,1113356.562815,CPTY_A,4.751366
124,2020-11-20,14,1546802.814355,1449105.867370,0.000000,2074328.220053,CPTY_A,4.789617
125,2020-12-04,14,1539143.185840,1475847.265853,118033.441096,1530118.518093,CPTY_A,4.827869
126,2020-12-18,17,1748861.691666,1722232.462020,0.000000,1447185.986474,CPTY_A,4.866120
127,2021-01-04,11,1893658.328761,1816945.705766,0.000000,1705383.095338,CPTY_A,4.912591
128,2021-01-15,14,1327875.235109,1250467.394947,0.000000,1301594.269748,CPTY_A,4.942728
129,2021-01-29,14,1511308.835281,1436540.333067,0.000000,1425170.267441,CPTY_A,4.981084
130,2021-02-12,14,1568274.820884,1517642.309704,0.000000,1253119.864624,CPTY_A,5.019440
131,2021-02-26,14,1067321.915607,1004474.534239,-147790.467681,1334920.895871,CPTY_A,5.057796
132,2021-03-12,14,1806248.988331,1666461.100769,0.000000,1883541.440601,CPTY_A,5.096152
133,2021-03-26,14,1784645.215831,1729158.009741,0.000000,2017855.312646,CPTY_A,5.134509
134,2021-04-09,14,1714092.917901,1685282.943166,0.000000,2035262.802636,CPTY_A,5.172865
135,2021-04-23,14,2039466.526701,1877415.767330,0.000000,2429159.767507,CPTY_A,5.211221
136,2021-05-07,14,1297645.636264,1196950.737267,0.000000,1180037.115439,CPTY_A,5.249577
137,2021-05-21,14,1376117.894293,1226194.882090,0.000000,1790705.176502,CPTY_A,5.287933
138,2021-06-04,14,1387387.965332,1322027.608093,139887.793496,1841752.802544,CPTY_A,5.326289
139,2021-06-18,14,2038351.463530,1714011.700996,0.000000,2381137.279817,CPTY_A,5.364646
140,2021-07-02,14,1553361.389487,1535827.894727,0.000000,1314772.888235,CPTY_A,5.403002
141,2021-07-16,14,1493327.580898,1458421.768615,0.000000,1503592.108521,CPTY_A,5.441358
142,2021-07-30,14,1885426.280432,1752443.434052,0.000000,2405682.483242,CPTY_A,5.479714
143,2021-08-13,14,1607304.951048,1590238.626449,0.000000,1699491.279321,CPTY_A,5.518070
144,2021-08-27,14,1515723.361314,1433207.941918,-145330.909883,1895982.770861,CPTY_A,5.556426
145,2021-09-10,14,1255981.593829,1147068.030321,0.000000,1517267.385343,CPTY_A,5.594783
146,2021-09-24,14,1842405.334721,1831624.319722,0.000000,1772416.438684,CPTY_A,5.633139
147,2021-10-08,14,1268156.983587,1127421.823682,0.000000,1052293.461954,CPTY_A,5.671495
148,2021-10-22,14,1536380.629297,1407436.738101,0.000000,1422625.263926,CPTY_A,5.709851
149,2021-11-05,14,1401507.736340,1289555.252616,0.000000,1000733.368308,CPTY_A,5.748207
150,2021-11-19,14,1543782.528966,1442177.501424,0.000000,1161805.850086,CPTY_A,5.786563
151,2021-12-03,14,1543371.328543,1450696.124726,135272.113757,1844316.907516,CPTY_A,5.824920
152,2021-12-17,18,948708.832234,941381.504056,0.000000,762076.724399,CPTY_A,5.863276
153,2022-01-04,10,2000317.106479,1860745.378700,0.000000,2461953.308725,CPTY_A,5.912591
154,2022-01-14,14,1600458.047530,1553340.652837,0.000000,2042583.401152,CPTY_A,5.939988
155,2022-01-28,14,1861123.155412,1608786.152634,0.000000,3360972.229795,CPTY_A,5.978344
156,2022-02-11,14,1248135.056580,1185092.694957,0.000000,1466452.395463,CPTY_A,6.016700
157,2022-02-25,14,1868286.299743,1771022.777664,-131091.661250,1401043.602407,CPTY_A,6.055057
158,2022-03-11,14,1391861.224767,1367760.248907,0.000000,1714909.317805,CPTY_A,6.093413
159,2022-03-25,14,1641855.186790,1519424.735145,0.000000,2200271.723925,CPTY_A,6.131769
160,2022-04-08,14,1348939.839827,1303611.214044,0.000000,1452847.280179,CPTY_A,6.170125
161,2022-04-22,14,1881981.563132,1692846.659509,0.000000,2178053.372855,CPTY_A,6.208481
162,2022-05-06,14,1361831.704575,1234785.759115,0.000000,1185131.582394,CPTY_A,6.246837
163,2022-05-20,14,1554389.231278,1423702.355036,0.000000,2229346.233467,CPTY_A,6.285194
164,2022-06-03,14,1639227.867354,1507055.244030,140790.908008,1881427.920217,CPTY_A,6.323550
165,2022-06-17,14,1641366.614129,1520635.065579,0.000000,1176659.768569,CPTY_A,6.361906
166,2022-07-01,14,1683329.186667,1544411.080275,0.000000,1608793.856045,CPTY_A,6.400262
167,2022-07-15,14,1617365.202987,1469085.361933,0.000000,1578507.488886,CPTY_A,6.438618
168,2022-07-29,14,1458439.037713,1386485.845730,0.000000,1513448.786963,CPTY_A,6.476974
169,2022-08-12,14,1266705.246207,1215434.778199,0.000000,1705858.499069,CPTY_A,6.515330
170,2022-08-26,14,1882577.152095,1676564.395362,-131150.270386,2728542.549659,CPTY_A,6.553687
171,2022-09-09,14,1615291.382520,1485004.392052,0.000000,1730908.893422,CPTY_A,6.592043
172,2022-09-23,14,1491806.954862,1428731.873623,0.000000,1662335.303883,CPTY_A,6.630399
173,2022-10-07,14,1750648.922856,1580394.788976,0.000000,2552992.271003,CPTY_A,6.668755
174,2022-10-21,14,1616275.675435,1441514.151875,0.000000,2257216.630844,CPTY_A,6.707111
175,2022-11-04,14,1875787.648941,1699587.919750,0.000000,3201148.736972,CPTY_A,6.745467
176,2022-11-18,14,1511876.779460,1432849.556670,0.000000,2090291.090878,CPTY_A,6.783824
177,2022-12-02,14,1831787.490097,1691697.626182,132323.855137,1996506.622688,CPTY_A,6.822180
178,2022-12-16,14,1499728.374173,1357757.149364,0.000000,1505862.380686,CPTY_A,6.860536
179,2022-12-30,14,1301454.375343,1276983.086696,0.000000,1241061.375436,CPTY_A,6.898892
180,2023-01-13,14,1306798.339738,1275145.972046,0.000000,1142275.339053,CPTY_A,6.937248
181,2023-01-27,14,1756075.729485,1667057.477002,0.000000,1508051.712678,CPTY_A,6.975604
182,2023-02-10,14,1715411.942258,1620123.776122,0.000000,2094632.334432,CPTY_A,7.013961
183,2023-02-24,14,1526973.405650,1498375.168490,-127746.296445,2005494.437391,CPTY_A,7.052317
184,2023-03-10,14,1718375.629584,1585128.058643,0.000000,1629774.868602,CPTY_A,7.090673
185,2023-03-24,18,1663093.029339,1513817.036842,0.000000,2034487.722310,CPTY_A,7.129029
186,2023-04-11,10,1513726.470664,1474127.609866,0.000000,1478135.153626,CPTY_A,7.178344
187,2023-04-21,14,1436271.642428,1357223.818358,0.000000,1337910.266937,CPTY_A,7.205741
188,2023-05-05,14,1443759.000186,1284166.751402,0.000000,1710326.688374,CPTY_A,7.244098
189,2023-05-19,14,1404850.999515,1289177.616393,0.000000,2548028.095862,CPTY_A,7.282454
190,2023-06-02,14,1698253.096247,1532974.581885,141400.658058,1498432.062640,CPTY_A,7.320810
191,2023-06-16,14,1568101.130114,1387414.756048,0.000000,1455406.682646,CPTY_A,7.359166
192,2023-06-30,14,1628764.488742,1515950.273202,0.000000,1849603.831821,CPTY_A,7.397522
193,2023-07-14,14,1511979.621156,1378579.131927,0.000000,1480555.607600,CPTY_A,7.435878
194,2023-07-28,14,1561908.747383,1424310.178805,0.000000,1787512.840836,CPTY_A,7.474235
195,2023-08-11,14,1472405.511354,1481573.877641,0.000000,1411672.831095,CPTY_A,7.512591
196,2023-08-25,14,1204346.994549,1126521.399160,-123436.889785,1900328.150921,CPTY_A,7.550947
197,2023-09-08,14,1471552.654754,1405080.998990,0.000000,1252400.954763,CPTY_A,7.589303
198,2023-09-22,14,1628325.609769,1564252.634631,0.000000,1716777.018179,CPTY_A,7.627659
199,2023-10-06,14,1382045.928289,1353447.239154,0.000000,866547.080065,CPTY_A,7.666015
200,2023-10-20,14,1848728.740790,1661279.367208,0.000000,1939726.731161,CPTY_A,7.704372
201,2023-11-03,14,1187353.089233,1173860.061914,0.000000,1025309.394217,CPTY_A,7.742728
202,2023-11-17,14,1397207.281365,1283386.684607,0.000000,1608298.346166,CPTY_A,7.781084
203,2023-12-01,14,1657902.218448,1498213.171672,138180.981748,1389725.284522,CPTY_A,7.819440
204,2023-12-15,14,1589633.210110,1461036.812648,0.000000,2147228.575750,CPTY_A,7.857796
205,2023-12-29,14,1578809.966824,1526888.833694,0.000000,1386944.081126,CPTY_A,7.896152
206,2024-01-12,14,1689865.087272,1582908.526293,0.000000,1304773.604986,CPTY_A,7.934426
207,2024-01-26,14,1736089.449680,1592702.288596,0.000000,1895767.932850,CPTY_A,7.972678
208,2024-02-09,14,1551923.250021,1396094.553495,0.000000,1498481.295322,CPTY_A,8.010929
209,2024-02-23,14,1341635.271604,1310379.810610,-114731.924429,1216078.524728,CPTY_A,8.049180
210,2024-03-08,14,1514292.931237,1413145.708173,0.000000,1844617.413527,CPTY_A,8.087432
211,2024-03-22,14,1393350.750078,1393467.296200,0.000000,1057016.574663,CPTY_A,8.125683
212,2024-04-05,14,1527921.144488,1419161.576174,0.000000,2314838.683902,CPTY_A,8.163934
213,2024-04-19,14,1602114.881635,1448845.947885,0.000000,2077206.231655,CPTY_A,8.202186
214,2024-05-03,14,1366368.602031,1310418.387857,0.000000,1824419.359751,CPTY_A,8.240437
215,2024-05-17,14,1537176.913893,1382974.875854,0.000000,2588136.066861,CPTY_A,8.278689
216,2024-05-31,14,1324804.363596,1173020.810465,154885.553477,1755345.136521,CPTY_A,8.316940
217,2024-06-14,14,1558685.261948,1474409.804069,0.000000,1621084.396290,CPTY_A,8.355191
218,2024-06-28,14,1395873.789403,1263390.748968,0.000000,2225357.887619,CPTY_A,8.393443
219,2024-07-12,14,1417930.710055,1367670.504260,0.000000,1424304.970537,CPTY_A,8.431694
220,2024-07-26,14,1357888.366199,1222544.345321,0.000000,1700046.494266,CPTY_A,8.469945
221,2024-08-09,14,1348936.612955,1323972.310244,0.000000,1162663.558253,CPTY_A,8.508197
222,2024-08-23,14,1562649.451824,1421380.135213,-108348.059575,1572858.190518,CPTY_A,8.546448
223,2024-09-06,14,1445885.806775,1378294.407135,0.000000,1281949.090698,CPTY_A,8.584699
224,2024-09-20,14,1611237.658458,1586528.351083,0.000000,1583454.512953,CPTY_A,8.622951
225,2024-10-04,14,1319390.847021,1194664.842804,0.000000,1871661.114782,CPTY_A,8.661202
226,2024-10-18,14,1472738.867804,1319473.823234,0.000000,1015997.221183,CPTY_A,8.699454
227,2024-11-01,14,1514431.944869,1494752.146376,0.000000,1981344.012905,CPTY_A,8.737705
228,2024-11-15,14,1443296.777002,1265847.636210,0.000000,1802994.115226,CPTY_A,8.775956
229,2024-11-29,14,1498080.304292,1338240.583576,149744.248423,1630497.724914,CPTY_A,8.814208
230,2024-12-13,14,1564208.461380,1444515.284608,0.000000,1280261.085388,CPTY_A,8.852459
231,2024-12-27,14,1507890.872177,1386073.502834,0.000000,1156381.863158,CPTY_A,8.890710
232,2025-01-10,14,1554968.722319,1390768.566640,0.000000,1731446.177542,CPTY_A,8.929029
233,2025-01-24,14,1256224.146056,1180689.459579,0.000000,1369196.586373,CPTY_A,8.967385
234,2025-02-07,14,1269380.402500,1168029.563515,0.000000,1710128.033417,CPTY_A,9.005741
235,2025-02-21,14,1685357.866975,1655306.587717,-105403.609233,1886539.836267,CPTY_A,9.044098
236,2025-03-07,14,1049939.349289,1005624.229310,0.000000,1234105.531881,CPTY_A,9.082454
237,2025-03-21,14,1490061.342515,1289016.983205,0.000000,1453287.469070,CPTY_A,9.120810
238,2025-04-04,18,1619836.088732,1502114.726977,0.000000,1723596.936357,CPTY_A,9.159166
239,2025-04-22,10,1643299.914133,1541015.510707,0.000000,2763211.677662,CPTY_A,9.208481
240,2025-05-02,14,1326295.627908,1257852.718324,0.000000,1513731.072237,CPTY_A,9.235878
241,2025-05-16,14,1319437.571209,1295863.832380,0.000000,1440705.854491,CPTY_A,9.274235
242,2025-05-30,14,1621332.788404,1446875.309372,158689.356768,2811116.501911,CPTY_A,9.312591
243,2025-06-13,14,1427437.130673,1364290.453024,0.000000,1397263.656031,CPTY_A,9.350947
244,2025-06-27,14,1644447.020588,1467675.086647,0.000000,1578078.525119,CPTY_A,9.389303
245,2025-07-11,14,1625172.426709,1428958.808257,0.000000,2766441.452214,CPTY_A,9.427659
246,2025-07-25,14,1491792.164345,1418095.601746,0.000000,1534033.229531,CPTY_A,9.466015
247,2025-08-08,14,1542627.652335,1370327.829178,0.000000,1333576.887722,CPTY_A,9.504372
248,2025-08-22,14,56243.274311,50844.237793,795895.774375,89690.067842,CPTY_A,9.542728
249,2025-09-05,14,0.000000,0.000000,0.000000,0.000000,CPTY_A,9.581084
250,2025-09-19,14,0.000000,0.000000,0.000000,0.000000,CPTY_A,9.619440
251,2025-10-03,14,0.000000,0.000000,0.000000,0.000000,CPTY_A,9.657796
252,2025-10-17,14,0.000000,0.000000,0.000000,0.000000,CPTY_A,9.696152
253,2025-10-31,14,0.000000,0.000000,0.000000,0.000000,CPTY_A,9.734509
254,2025-11-14,14,0.000000,0.000000,0.000000,0.000000,CPTY_A,9.772865
255,2025-11-28,14,0.000000,0.000000,0.000000,0.000000,CPTY_A,9.811221
256,2025-12-12,17,0.000000,0.000000,0.000000,0.000000,CPTY_A,9.849577
257,2025-12-29,11,0.000000,0.000000,0.000000,0.000000,CPTY_A,9.896152
258,2026-01-09,14,0.000000,0.000000,0.000000,0.000000,CPTY_A,9.926289
259,2026-01-23,14,0.000000,0.000000,0.000000,0.000000,CPTY_A,9.964646
260,2026-02-06,14,0.000000,0.000000,0.000000,0.000000,CPTY_A,10.003002
261,2026-02-20,14,0.000000,0.000000,0.000000,0.000000,CPTY_A,10.041358
262,2026-03-06,14,0.000000,0.000000,0.000000,0.000000,CPTY_A,10.079714
263,2026-03-20,18,0.000000,0.000000,0.000000,0.000000,CPTY_A,10.118070
264,2026-04-07,10,0.000000,0.000000,0.000000,0.000000,CPTY_A,10.167385
265,2026-04-17,18,0.000000,0.000000,0.000000,0.000000,CPTY_A,10.194783
266,2026-05-05,10,0.000000,0.000000,0.000000,0.000000,CPTY_A,10.244098
267,2026-05-15,14,0.000000,0.000000,0.000000,0.000000,CPTY_A,10.271495
268,2026-05-29,14,0.000000,0.000000,0.000000,0.000000,CPTY_A,10.309851
