#TimeStep,Date,DaysInPeriod,ZeroOrderDIM,AverageDIM,AverageFLOW,SimpleDIM,NettingSet
0,2016-02-19,14,1672516.662904,1639190.307134,0.000000,2049989.819191,CPTY_A
1,2016-03-04,14,1562352.103016,1546663.895871,9864.232559,1833175.127057,CPTY_A
2,2016-03-18,14,1598234.646561,1586763.716571,0.000000,1824793.041147,CPTY_A
3,2016-04-01,14,1533856.309860,1500946.636249,0.000000,1452907.421921,CPTY_A
4,2016-04-15,14,1754607.156465,1717014.266286,0.000000,1914923.425593,CPTY_A
5,2016-04-29,14,1538447.487765,1445369.851796,0.000000,1565819.736697,CPTY_A
6,2016-05-13,14,1441766.169857,1396394.801160,0.000000,1333017.996003,CPTY_A
7,2016-05-27,14,1369323.427628,1347690.163372,63163.436260,1291266.920686,CPTY_A
8,2016-06-10,14,1616581.110179,1608159.765134,0.000000,1394518.663423,CPTY_A
9,2016-06-24,14,1450938.012582,1429909.443190,0.000000,1201209.309872,CPTY_A
10,2016-07-08,14,1623858.699315,1586456.791921,0.000000,1663812.224298,CPTY_A
11,2016-07-22,14,1554128.896326,1550965.928794,0.000000,1535751.945776,CPTY_A
12,2016-08-05,14,1539508.342361,1531934.825816,0.000000,1840486.059120,CPTY_A
13,2016-08-19,14,1462149.481144,1456251.474562,0.000000,1583929.165795,CPTY_A
14,2016-09-02,14,1566015.608262,1437637.397711,-238237.308438,1810713.431283,CPTY_A
15,2016-09-16,14,1697109.690707,1696192.412766,0.000000,1460134.662073,CPTY_A
16,2016-09-30,14,1498677.112753,1478839.862359,0.000000,1412386.957316,CPTY_A
17,2016-10-14,14,1615233.891928,1589928.972008,0.000000,1453668.041701,CPTY_A
18,2016-10-28,17,1355902.716356,1358007.811070,0.000000,1208836.460138,CPTY_A
19,2016-11-14,11,1547170.088479,1464449.350463,0.000000,1865759.945405,CPTY_A
20,2016-11-25,14,1457507.641648,1455092.867790,65835.736953,1348361.115941,CPTY_A
21,2016-12-09,14,1721777.283112,1703844.265210,0.000000,1718085.377064,CPTY_A
22,2016-12-23,14,1156876.827679,1149290.588420,0.000000,951527.664086,CPTY_A
23,2017-01-06,14,1574026.971554,1459549.801427,0.000000,1327772.268146,CPTY_A
24,2017-01-20,14,1540882.791074,1515082.550432,0.000000,1744331.209814,CPTY_A
25,2017-02-03,14,1394817.754778,1386116.207211,0.000000,1303850.163095,CPTY_A
26,2017-02-17,14,1573958.354407,1481416.907210,0.000000,1348451.116214,CPTY_A
27,2017-03-03,14,1569932.304727,1482186.899516,-220911.961406,2500055.241737,CPTY_A
28,2017-03-17,14,1565483.479827,1541384.364289,0.000000,1656071.820550,CPTY_A
29,2017-03-31,18,1476160.883240,1456934.952341,0.000000,1459011.874699,CPTY_A
30,2017-04-18,10,1445550.358432,1426655.813740,0.000000,1310168.377046,CPTY_A
31,2017-04-28,14,1655523.268759,1553786.608651,0.000000,2726537.552930,CPTY_A
32,2017-05-12,14,1396507.493741,1347299.643895,0.000000,1169384.901677,CPTY_A
33,2017-05-26,14,1638106.736698,1617325.745910,73950.517380,1693934.177894,CPTY_A
34,2017-06-09,14,1719319.091552,1684596.842288,0.000000,1609903.843583,CPTY_A
35,2017-06-23,14,1450061.626706,1394708.660508,0.000000,1420879.085940,CPTY_A
36,2017-07-07,14,1516684.955913,1453702.544638,0.000000,2031467.787846,CPTY_A
37,2017-07-21,14,1536081.614045,1446183.855616,0.000000,1521638.371876,CPTY_A
38,2017-08-04,14,1481882.069967,1416507.322151,0.000000,1299147.817379,CPTY_A
39,2017-08-18,14,1594637.091220,1565803.937467,0.000000,2358802.794203,CPTY_A
40,2017-09-01,14,1514642.438418,1502774.694225,-222995.390859,1400108.891772,CPTY_A
41,2017-09-15,14,1356962.375585,1312530.577714,0.000000,1676266.568049,CPTY_A
42,2017-09-29,14,1466696.272490,1447340.172996,0.000000,1405165.834489,CPTY_A
43,2017-10-13,14,1453881.099384,1442955.485699,0.000000,1218637.050478,CPTY_A
44,2017-10-27,17,1599022.827795,1543778.835989,0.000000,1408730.671777,CPTY_A
45,2017-11-13,11,1771839.987873,1612951.629086,0.000000,2415890.951162,CPTY_A
46,2017-11-24,14,1469668.018702,1367468.373460,71267.680830,1901125.239403,CPTY_A
47,2017-12-08,14,1502494.473117,1494351.831596,0.000000,1753205.873878,CPTY_A
48,2017-12-22,14,1489221.286917,1476521.794472,0.000000,1164028.231535,CPTY_A
49,2018-01-05,14,1733896.030784,1596046.177525,0.000000,1560063.942659,CPTY_A
50,2018-01-19,14,1273790.705768,1262936.370231,0.000000,1295687.736942,CPTY_A
51,2018-02-02,14,1428270.649507,1392303.790485,0.000000,1317418.243592,CPTY_A
52,2018-02-16,14,1401190.565142,1375231.287653,0.000000,1327541.912128,CPTY_A
53,2018-03-02,14,1509374.511146,1392269.821679,-207056.140039,1903169.929944,CPTY_A
54,2018-03-16,18,1310346.072912,1308352.758505,0.000000,1289763.091760,CPTY_A
55,2018-04-03,10,1557550.908396,1510277.742735,0.000000,1428404.131303,CPTY_A
56,2018-04-13,14,1544166.119611,1527971.466838,0.000000,1607785.094360,CPTY_A
57,2018-04-27,14,1678185.689441,1603200.098891,0.000000,2546462.546343,CPTY_A
58,2018-05-11,14,1952630.891931,1919574.382980,0.000000,1600504.447604,CPTY_A
59,2018-05-25,14,1625305.044697,1479193.337796,88940.483208,2030781.498273,CPTY_A
60,2018-06-08,14,1365220.175829,1236465.729490,0.000000,1905515.556492,CPTY_A
61,2018-06-22,14,1536766.988018,1536339.185166,0.000000,1760453.487411,CPTY_A
62,2018-07-06,14,1603900.367945,1583087.148247,0.000000,1654915.059512,CPTY_A
63,2018-07-20,14,1728142.020344,1594583.967230,0.000000,1739808.550298,CPTY_A
64,2018-08-03,14,1814441.551606,1647158.894418,0.000000,1557619.207398,CPTY_A
65,2018-08-17,14,1542787.820109,1488947.939784,0.000000,1743127.476448,CPTY_A
66,2018-08-31,14,1851635.928489,1631381.803145,-202951.251914,2378048.939426,CPTY_A
67,2018-09-14,14,1310752.442096,1288418.049934,0.000000,1299959.960459,CPTY_A
68,2018-09-28,14,1602680.884256,1599092.375032,0.000000,1783530.278333,CPTY_A
69,2018-10-12,14,1450113.879163,1383678.508414,0.000000,1024274.016083,CPTY_A
70,2018-10-26,14,1592850.620882,1491827.086888,0.000000,1249265.676177,CPTY_A
71,2018-11-09,14,1617182.786067,1526398.808370,0.000000,1629934.105297,CPTY_A
72,2018-11-23,14,1657757.732535,1521401.360460,88088.643625,2116501.310108,CPTY_A
73,2018-12-07,14,1530002.372481,1529458.899294,0.000000,1717428.324008,CPTY_A
74,2018-12-21,14,1838368.443109,1736702.258661,0.000000,1985937.885456,CPTY_A
75,2019-01-04,14,1557909.200775,1441712.204994,0.000000,1447461.630853,CPTY_A
76,2019-01-18,14,1657419.448965,1614178.650278,0.000000,1426393.005818,CPTY_A
77,2019-02-01,14,1700026.046761,1534780.499793,0.000000,1867720.343061,CPTY_A
78,2019-02-15,14,1492706.000284,1477741.062448,0.000000,1788964.350877,CPTY_A
79,2019-03-01,14,1845986.145690,1790811.932467,-187709.284180,1962161.672081,CPTY_A
80,2019-03-15,14,1882805.291924,1725415.793231,0.000000,1874134.215603,CPTY_A
81,2019-03-29,14,2018522.844467,1664308.360660,0.000000,2053980.852977,CPTY_A
82,2019-04-12,14,1688042.487245,1591140.703967,0.000000,2235323.716746,CPTY_A
83,2019-04-26,14,1727425.554990,1696631.920850,0.000000,1921712.212913,CPTY_A
84,2019-05-10,14,1660619.420396,1566075.609922,0.000000,2265995.863626,CPTY_A
85,2019-05-24,14,1880829.253739,1707084.724525,111232.740482,2270881.855667,CPTY_A
86,2019-06-07,14,1799419.874684,1694937.316306,0.000000,1453019.404616,CPTY_A
87,2019-06-21,14,1755234.228537,1661747.733583,0.000000,1938739.904869,CPTY_A
88,2019-07-05,14,1904398.933620,1711931.503811,0.000000,2317614.628518,CPTY_A
89,2019-07-19,14,1915988.516057,1872137.106333,0.000000,1497539.144360,CPTY_A
90,2019-08-02,14,1579350.288361,1502252.061997,0.000000,2103577.772501,CPTY_A
91,2019-08-16,14,1812914.115957,1769435.212981,0.000000,2443533.020440,CPTY_A
92,2019-08-30,14,1814283.846479,1611482.773137,-175322.685254,2033514.523480,CPTY_A
93,2019-09-13,14,1696403.344683,1667479.947570,0.000000,1726043.589521,CPTY_A
94,2019-09-27,14,1669787.644077,1631277.066057,0.000000,1505924.225699,CPTY_A
95,2019-10-11,14,1958420.834977,1938659.516761,0.000000,2802321.440337,CPTY_A
96,2019-10-25,14,1795198.287918,1621647.108860,0.000000,1778445.309270,CPTY_A
97,2019-11-08,14,1909284.923194,1795911.187429,0.000000,2386324.995541,CPTY_A
98,2019-11-22,14,1718054.628202,1614569.280651,106324.697441,1836944.230977,CPTY_A
99,2019-12-06,14,1431078.867620,1309631.819862,0.000000,1129937.608377,CPTY_A
100,2019-12-20,14,1766792.409980,1591176.796010,0.000000,1053093.273589,CPTY_A
101,2020-01-03,14,1803853.630428,1788279.175627,0.000000,1608690.557631,CPTY_A
102,2020-01-17,14,1639439.177005,1631699.297378,0.000000,1659537.186368,CPTY_A
103,2020-01-31,14,1675765.996825,1548806.493116,0.000000,1936416.782397,CPTY_A
104,2020-02-14,14,1516531.062021,1431436.034453,0.000000,1518668.944783,CPTY_A
105,2020-02-28,14,1560215.292855,1402354.380142,-167840.329575,1227478.699001,CPTY_A
106,2020-03-13,14,1980612.279481,1812319.861255,0.000000,1592611.928839,CPTY_A
107,2020-03-27,18,1743160.308024,1721091.212445,0.000000,1826219.181240,CPTY_A
108,2020-04-14,10,1520444.525483,1459554.014295,0.000000,1235082.371649,CPTY_A
109,2020-04-24,17,1999283.156945,1777139.614831,0.000000,2634287.997391,CPTY_A
110,2020-05-11,11,1821001.208188,1655268.411240,0.000000,2186773.434604,CPTY_A
111,2020-05-22,14,1736573.378430,1669208.906039,123523.060000,2010745.932945,CPTY_A
112,2020-06-05,14,1700272.319364,1661215.728976,0.000000,1922611.372978,CPTY_A
113,2020-06-19,17,1958135.621140,1679956.907369,0.000000,2833378.279167,CPTY_A
114,2020-07-06,11,1595144.951930,1479475.876671,0.000000,1448035.207591,CPTY_A
115,2020-07-17,14,1998892.164842,1714423.557036,0.000000,2865543.254693,CPTY_A
116,2020-07-31,14,1664803.515010,1568193.493931,0.000000,1881078.999816,CPTY_A
117,2020-08-14,14,1752606.698157,1527241.464358,0.000000,1779185.665014,CPTY_A
118,2020-08-28,14,1816273.216057,1621353.733571,-160657.949629,2526375.527490,CPTY_A
119,2020-09-11,14,1722314.647865,1612885.750848,0.000000,1958232.554996,CPTY_A
120,2020-09-25,14,1669049.663534,1514086.847823,0.000000,1650191.578429,CPTY_A
121,2020-10-09,14,1548998.185688,1488182.336968,0.000000,1486223.106623,CPTY_A
122,2020-10-23,14,1658861.486519,1615944.419243,0.000000,1854502.413186,CPTY_A
123,2020-11-06,14,1813444.822127,1719520.968884,0.000000,1113763.712550,CPTY_A
124,2020-11-20,14,1547298.527388,1449308.297031,0.000000,2075543.287683,CPTY_A
125,2020-12-04,14,1539328.291140,1475973.663319,118039.653623,1530691.443842,CPTY_A
126,2020-12-18,17,1749952.929089,1723181.260140,0.000000,1448128.416508,CPTY_A
127,2021-01-04,11,1888794.401003,1812860.847556,0.000000,1704325.096815,CPTY_A
128,2021-01-15,14,1328259.931822,1250251.466008,0.000000,1302632.429516,CPTY_A
129,2021-01-29,14,1511881.262221,1437166.156501,0.000000,1426371.096643,CPTY_A
130,2021-02-12,14,1568210.923807,1517410.424398,0.000000,1252237.547557,CPTY_A
131,2021-02-26,14,1067845.047787,1004795.804701,-147786.432544,1334758.273908,CPTY_A
132,2021-03-12,14,1806620.439551,1666700.261668,0.000000,1883930.649302,CPTY_A
133,2021-03-26,14,1785153.705283,1729601.878437,0.000000,2018410.912041,CPTY_A
134,2021-04-09,14,1714227.534023,1685434.767659,0.000000,2035262.536501,CPTY_A
135,2021-04-23,14,2039428.964838,1877371.384973,0.000000,2428593.280080,CPTY_A
136,2021-05-07,14,1297686.929374,1196987.109030,0.000000,1180111.220081,CPTY_A
137,2021-05-21,14,1376442.844461,1226471.774579,0.000000,1790871.799218,CPTY_A
138,2021-06-04,14,1387893.169041,1322245.572534,139892.015684,1843155.568667,CPTY_A
139,2021-06-18,14,2039333.775956,1714394.814453,0.000000,2382622.126717,CPTY_A
140,2021-07-02,14,1552655.280065,1535248.440443,0.000000,1315176.591801,CPTY_A
141,2021-07-16,14,1493426.189190,1458643.928231,0.000000,1504018.129778,CPTY_A
142,2021-07-30,14,1885267.790257,1752501.691401,0.000000,2405038.923443,CPTY_A
143,2021-08-13,14,1607509.971275,1590503.972812,0.000000,1700239.014696,CPTY_A
144,2021-08-27,14,1515838.928577,1433356.220180,-145326.286406,1895466.659029,CPTY_A
145,2021-09-10,14,1256313.158415,1147357.021074,0.000000,1517901.630782,CPTY_A
146,2021-09-24,14,1841778.951816,1831287.707524,0.000000,1774374.510506,CPTY_A
147,2021-10-08,14,1268062.248758,1127459.006814,0.000000,1054906.555251,CPTY_A
148,2021-10-22,14,1536724.462858,1407685.468086,0.000000,1423970.337507,CPTY_A
149,2021-11-05,14,1401693.322750,1289681.910489,0.000000,1000384.786150,CPTY_A
150,2021-11-19,14,1544060.862185,1442514.838745,0.000000,1162516.250306,CPTY_A
151,2021-12-03,14,1543820.538336,1451003.018291,135274.884153,1845332.182229,CPTY_A
152,2021-12-17,18,948208.431950,940984.704795,0.000000,761288.632228,CPTY_A
153,2022-01-04,10,2000791.736687,1860245.157989,0.000000,2451434.344368,CPTY_A
154,2022-01-14,14,1600989.176653,1553586.378877,0.000000,2042429.708956,CPTY_A
155,2022-01-28,14,1861591.493367,1609081.460065,0.000000,3362247.183274,CPTY_A
156,2022-02-11,14,1248620.599007,1185455.939308,0.000000,1467238.146193,CPTY_A
157,2022-02-25,14,1868479.820659,1771233.003075,-131091.213809,1401502.740595,CPTY_A
158,2022-03-11,14,1392251.537378,1368108.711512,0.000000,1715810.961646,CPTY_A
159,2022-03-25,14,1642232.547490,1519775.009624,0.000000,2200392.564441,CPTY_A
160,2022-04-08,14,1349286.765158,1303917.871117,0.000000,1452244.898356,CPTY_A
161,2022-04-22,14,1882374.514307,1693124.606454,0.000000,2177655.091386,CPTY_A
162,2022-05-06,14,1362261.718603,1235243.550443,0.000000,1185697.940806,CPTY_A
163,2022-05-20,14,1554568.397559,1423856.683557,0.000000,2229721.458128,CPTY_A
164,2022-06-03,14,1639625.072571,1507375.063995,140791.599150,1882106.820932,CPTY_A
165,2022-06-17,14,1642463.346257,1521018.383465,0.000000,1175938.637023,CPTY_A
166,2022-07-01,14,1683878.717485,1544587.863653,0.000000,1608478.446835,CPTY_A
167,2022-07-15,14,1617755.009839,1469446.328267,0.000000,1579993.075736,CPTY_A
168,2022-07-29,14,1458800.737636,1386813.473634,0.000000,1514041.877918,CPTY_A
169,2022-08-12,14,1267022.281775,1215696.485958,0.000000,1706731.174944,CPTY_A
170,2022-08-26,14,1882853.780176,1676732.394020,-131149.817494,2728266.291519,CPTY_A
171,2022-09-09,14,1615271.870577,1484996.709337,0.000000,1730138.741513,CPTY_A
172,2022-09-23,14,1492105.691915,1428849.432607,0.000000,1662064.322435,CPTY_A
173,2022-10-07,14,1750690.326418,1580349.861963,0.000000,2553416.877890,CPTY_A
174,2022-10-21,14,1616465.563627,1441649.082264,0.000000,2256611.178038,CPTY_A
175,2022-11-04,14,1876018.575419,1699788.290108,0.000000,3200758.201646,CPTY_A
176,2022-11-18,14,1512084.373023,1433278.999488,0.000000,2090647.504488,CPTY_A
177,2022-12-02,14,1831784.805641,1691572.967287,132324.043594,1996394.816473,CPTY_A
178,2022-12-16,14,1500093.977835,1358145.932186,0.000000,1507339.676612,CPTY_A
179,2022-12-30,14,1301963.363829,1277328.364390,0.000000,1240442.855204,CPTY_A
180,2023-01-13,14,1306238.914835,1274829.965530,0.000000,1142459.130025,CPTY_A
181,2023-01-27,14,1756393.058632,1667342.576156,0.000000,1506927.610072,CPTY_A
182,2023-02-10,14,1715705.741899,1620315.628365,0.000000,2095681.552695,CPTY_A
183,2023-02-24,14,1527291.395510,1498671.768274,-127747.646205,2006261.098430,CPTY_A
184,2023-03-10,14,1718231.528099,1585015.717420,0.000000,1629599.415283,CPTY_A
185,2023-03-24,18,1664590.378395,1515507.329730,0.000000,2032904.175767,CPTY_A
186,2023-04-11,10,1516308.197886,1476945.882524,0.000000,1477072.572972,CPTY_A
187,2023-04-21,14,1436683.011043,1357540.150586,0.000000,1338706.112381,CPTY_A
188,2023-05-05,14,1443962.764446,1284277.374991,0.000000,1711264.732916,CPTY_A
189,2023-05-19,14,1405278.376540,1289582.519314,0.000000,2548558.869853,CPTY_A
190,2023-06-02,14,1698312.904851,1533002.411128,141399.274282,1498562.211593,CPTY_A
191,2023-06-16,14,1567743.950147,1387718.804144,0.000000,1452144.898464,CPTY_A
192,2023-06-30,14,1629093.383036,1516263.178592,0.000000,1850215.008729,CPTY_A
193,2023-07-14,14,1512423.887012,1378800.660912,0.000000,1480980.730440,CPTY_A
194,2023-07-28,14,1562072.937985,1424476.400125,0.000000,1786642.873140,CPTY_A
195,2023-08-11,14,1472510.040630,1481697.477783,0.000000,1411945.121422,CPTY_A
196,2023-08-25,14,1204711.540540,1126779.286359,-123439.050020,1901325.037611,CPTY_A
197,2023-09-08,14,1471932.237934,1405414.242324,0.000000,1252822.386318,CPTY_A
198,2023-09-22,14,1628405.008581,1564220.445367,0.000000,1714795.929058,CPTY_A
199,2023-10-06,14,1382432.454680,1353456.837281,0.000000,866691.252214,CPTY_A
200,2023-10-20,14,1848953.308541,1661465.234634,0.000000,1940619.539878,CPTY_A
201,2023-11-03,14,1187547.010868,1173993.264214,0.000000,1025936.793672,CPTY_A
202,2023-11-17,14,1397459.523527,1283607.013926,0.000000,1608473.463445,CPTY_A
203,2023-12-01,14,1658145.575308,1498431.581863,138178.278545,1390039.854261,CPTY_A
204,2023-12-15,14,1589428.747512,1461210.857890,0.000000,2146413.541609,CPTY_A
205,2023-12-29,14,1579326.496177,1527398.531824,0.000000,1387865.626574,CPTY_A
206,2024-01-12,14,1690189.000411,1583244.177551,0.000000,1304329.288710,CPTY_A
207,2024-01-26,14,1736398.356227,1592921.270792,0.000000,1895423.831133,CPTY_A
208,2024-02-09,14,1552168.107767,1396435.940351,0.000000,1499090.975096,CPTY_A
209,2024-02-23,14,1342039.403635,1310701.999411,-114736.955952,1216860.354819,CPTY_A
210,2024-03-08,14,1514405.757179,1413232.562727,0.000000,1845012.606191,CPTY_A
211,2024-03-22,14,1393550.051155,1393658.523115,0.000000,1056790.285715,CPTY_A
212,2024-04-05,14,1528187.797733,1419387.835936,0.000000,2315480.369242,CPTY_A
213,2024-04-19,14,1602664.811002,1449224.129346,0.000000,2078109.081116,CPTY_A
214,2024-05-03,14,1366517.786797,1310604.226930,0.000000,1824194.381740,CPTY_A
215,2024-05-17,14,1537771.642284,1383339.202540,0.000000,2589325.586690,CPTY_A
216,2024-05-31,14,1324997.044735,1173175.864103,154881.261768,1755738.154910,CPTY_A
217,2024-06-14,14,1558795.462443,1474721.319974,0.000000,1620707.286172,CPTY_A
218,2024-06-28,14,1395720.944588,1263165.771120,0.000000,2224499.947331,CPTY_A
219,2024-07-12,14,1417936.817416,1367728.319660,0.000000,1424514.230385,CPTY_A
220,2024-07-26,14,1358046.304644,1222638.435254,0.000000,1700566.013489,CPTY_A
221,2024-08-09,14,1349002.298371,1324055.020037,0.000000,1163197.366127,CPTY_A
222,2024-08-23,14,1562994.224384,1421689.734487,-108353.051401,1573165.228122,CPTY_A
223,2024-09-06,14,1446137.780581,1378541.534851,0.000000,1281633.822191,CPTY_A
224,2024-09-20,14,1611462.711015,1586729.021686,0.000000,1584142.030244,CPTY_A
225,2024-10-04,14,1319701.135891,1194851.171005,0.000000,1873188.587126,CPTY_A
226,2024-10-18,14,1473005.379375,1319638.156435,0.000000,1016199.514253,CPTY_A
227,2024-11-01,14,1514907.607273,1495133.196532,0.000000,1981400.798673,CPTY_A
228,2024-11-15,14,1443372.226587,1265870.370007,0.000000,1802028.309308,CPTY_A
229,2024-11-29,14,1498188.848731,1338281.524863,149738.029424,1630824.881812,CPTY_A
230,2024-12-13,14,1564310.186073,1444722.024253,0.000000,1280770.700730,CPTY_A
231,2024-12-27,14,1508206.549573,1386429.920471,0.000000,1156937.885540,CPTY_A
232,2025-01-10,14,1555197.576699,1391339.834504,0.000000,1731504.956164,CPTY_A
233,2025-01-24,14,1256424.769902,1180826.830977,0.000000,1369997.064495,CPTY_A
234,2025-02-07,14,1269701.570315,1168162.024524,0.000000,1711869.778487,CPTY_A
235,2025-02-21,14,1685565.755520,1655531.437028,-105409.254346,1886577.005902,CPTY_A
236,2025-03-07,14,1050100.994295,1005746.357569,0.000000,1235119.398121,CPTY_A
237,2025-03-21,14,1490408.597865,1289320.712250,0.000000,1453285.849552,CPTY_A
238,2025-04-04,18,1619916.189270,1501612.131409,0.000000,1722030.972151,CPTY_A
239,2025-04-22,10,1641716.756882,1540047.352413,0.000000,2759671.190552,CPTY_A
240,2025-05-02,14,1326530.533506,1258203.291195,0.000000,1514527.622796,CPTY_A
241,2025-05-16,14,1319951.650493,1296348.843337,0.000000,1441139.882798,CPTY_A
242,2025-05-30,14,1621294.913840,1446761.013184,158680.499150,2809928.464265,CPTY_A
243,2025-06-13,14,1427720.146242,1364429.293451,0.000000,1398183.792135,CPTY_A
244,2025-06-27,14,1644564.824763,1467894.514110,0.000000,1577088.065155,CPTY_A
245,2025-07-11,14,1625368.064644,1429027.218622,0.000000,2765959.344560,CPTY_A
246,2025-07-25,14,1491711.978758,1418099.946005,0.000000,1533633.200016,CPTY_A
247,2025-08-08,14,1542691.766721,1370361.935440,0.000000,1333586.208934,CPTY_A
248,2025-08-22,14,56233.022885,50834.098197,798565.211250,89670.576042,CPTY_A
249,2025-09-05,14,0.000000,0.000000,0.000000,0.000000,CPTY_A
250,2025-09-19,14,0.000000,0.000000,0.000000,0.000000,CPTY_A
251,2025-10-03,14,0.000000,0.000000,0.000000,0.000000,CPTY_A
252,2025-10-17,14,0.000000,0.000000,0.000000,0.000000,CPTY_A
253,2025-10-31,14,0.000000,0.000000,0.000000,0.000000,CPTY_A
254,2025-11-14,14,0.000000,0.000000,0.000000,0.000000,CPTY_A
255,2025-11-28,14,0.000000,0.000000,0.000000,0.000000,CPTY_A
256,2025-12-12,17,0.000000,0.000000,0.000000,0.000000,CPTY_A
257,2025-12-29,11,0.000000,0.000000,0.000000,0.000000,CPTY_A
258,2026-01-09,14,0.000000,0.000000,0.000000,0.000000,CPTY_A
259,2026-01-23,14,0.000000,0.000000,0.000000,0.000000,CPTY_A
260,2026-02-06,14,0.000000,0.000000,0.000000,0.000000,CPTY_A
261,2026-02-20,14,0.000000,0.000000,0.000000,0.000000,CPTY_A
262,2026-03-06,14,0.000000,0.000000,0.000000,0.000000,CPTY_A
263,2026-03-20,18,0.000000,0.000000,0.000000,0.000000,CPTY_A
264,2026-04-07,10,0.000000,0.000000,0.000000,0.000000,CPTY_A
265,2026-04-17,18,0.000000,0.000000,0.000000,0.000000,CPTY_A
266,2026-05-05,10,0.000000,0.000000,0.000000,0.000000,CPTY_A
267,2026-05-15,14,0.000000,0.000000,0.000000,0.000000,CPTY_A
268,2026-05-29,14,0.000000,0.000000,0.000000,0.000000,CPTY_A
