#TimeStep,Date,DaysInPeriod,ZeroOrderDIM,AverageDIM,AverageFLOW,SimpleDIM,NettingSet
0,2016-02-19,14,83886.023863,83977.064577,0.000000,72446.083536,CPTY_A
1,2016-03-04,14,84630.850414,83491.670879,0.000000,99256.630294,CPTY_A
2,2016-03-18,14,80229.478550,77785.327424,0.000000,90408.519117,CPTY_A
3,2016-04-01,14,93985.337116,93430.353050,0.000000,108978.149758,CPTY_A
4,2016-04-15,14,72592.805835,71884.755167,0.000000,72892.213942,CPTY_A
5,2016-04-29,14,79941.662453,77131.383301,0.000000,97809.765338,CPTY_A
6,2016-05-13,14,74995.693917,74672.354619,0.000000,66646.122997,CPTY_A
7,2016-05-27,14,85797.746677,85086.439567,0.000000,85873.278327,CPTY_A
8,2016-06-10,14,96602.323537,92750.606683,0.000000,146379.939062,CPTY_A
9,2016-06-24,14,79986.113277,79228.490226,0.000000,83514.673750,CPTY_A
10,2016-07-08,14,93598.763813,89209.469740,0.000000,120126.467585,CPTY_A
11,2016-07-22,14,71530.050586,70058.531394,0.000000,63316.576175,CPTY_A
12,2016-08-05,14,80090.157630,75155.309258,0.000000,73215.113179,CPTY_A
13,2016-08-19,14,85773.223411,83044.715471,0.000000,112080.034928,CPTY_A
14,2016-09-02,14,78841.512212,75394.182070,0.000000,91074.206870,CPTY_A
15,2016-09-16,14,74138.781351,72633.557705,0.000000,80055.433865,CPTY_A
16,2016-09-30,14,78838.869411,76834.448000,0.000000,72626.352102,CPTY_A
17,2016-10-14,14,87278.050563,84449.480366,0.000000,92300.174898,CPTY_A
18,2016-10-28,17,81107.557486,77664.006197,0.000000,55902.180037,CPTY_A
19,2016-11-14,11,74809.171154,72285.144236,0.000000,106054.817042,CPTY_A
20,2016-11-25,14,91283.925983,83178.925240,0.000000,127717.595169,CPTY_A
21,2016-12-09,14,78370.455777,72576.969417,0.000000,84137.512739,CPTY_A
22,2016-12-23,14,93974.569901,84633.155406,0.000000,128422.084649,CPTY_A
23,2017-01-06,14,93490.866744,75300.262746,0.000000,143125.662241,CPTY_A
24,2017-01-20,14,76255.259319,73718.641870,0.000000,71896.791562,CPTY_A
25,2017-02-03,14,93727.126355,90644.039072,0.000000,107334.009897,CPTY_A
26,2017-02-17,14,75469.049791,70553.660841,0.000000,72968.677325,CPTY_A
27,2017-03-03,14,88909.217987,79411.978339,0.000000,90457.284451,CPTY_A
28,2017-03-17,14,86563.073021,76759.927096,0.000000,118768.038768,CPTY_A
29,2017-03-31,18,89383.757110,84424.650459,0.000000,82354.351878,CPTY_A
30,2017-04-18,10,78728.422565,75829.735250,0.000000,93449.022014,CPTY_A
31,2017-04-28,14,78124.704385,73521.449117,0.000000,92680.444993,CPTY_A
32,2017-05-12,14,78260.802182,75492.175423,0.000000,77377.987470,CPTY_A
33,2017-05-26,14,79657.435623,74381.377329,0.000000,69905.836856,CPTY_A
34,2017-06-09,14,84394.237585,78505.647969,0.000000,87342.321461,CPTY_A
35,2017-06-23,14,86831.283952,78007.572070,0.000000,108160.768964,CPTY_A
36,2017-07-07,14,78791.295489,73155.015525,0.000000,78470.689801,CPTY_A
37,2017-07-21,14,83592.320437,75335.001299,0.000000,91545.670070,CPTY_A
38,2017-08-04,14,109854.557042,92926.682459,0.000000,132553.123270,CPTY_A
39,2017-08-18,14,87815.874046,79624.077802,0.000000,102563.051547,CPTY_A
40,2017-09-01,14,99899.342098,73527.345532,0.000000,97100.277950,CPTY_A
41,2017-09-15,14,90617.730366,83403.239395,0.000000,84876.207113,CPTY_A
42,2017-09-29,14,70663.513080,66196.184113,0.000000,68904.903479,CPTY_A
43,2017-10-13,14,85355.655522,70949.257190,0.000000,128299.713725,CPTY_A
44,2017-10-27,17,86202.141523,75594.857976,0.000000,69964.150994,CPTY_A
45,2017-11-13,11,86601.974668,72538.180304,0.000000,84042.813320,CPTY_A
46,2017-11-24,14,88146.357920,76635.224490,0.000000,101146.942325,CPTY_A
47,2017-12-08,14,87019.880641,74936.016167,0.000000,124393.411943,CPTY_A
48,2017-12-22,14,95265.044688,85654.492098,0.000000,138394.187214,CPTY_A
49,2018-01-05,14,94358.300567,71996.361541,0.000000,76478.187858,CPTY_A
50,2018-01-19,14,103511.186633,88360.650741,0.000000,128345.770098,CPTY_A
51,2018-02-02,14,95050.160588,72951.535911,0.000000,154948.633079,CPTY_A
52,2018-02-16,14,83560.103286,73522.005704,0.000000,130469.104367,CPTY_A
53,2018-03-02,14,122837.783437,95041.421615,0.000000,186074.717042,CPTY_A
54,2018-03-16,18,79240.196302,59123.285421,0.000000,106569.702158,CPTY_A
55,2018-04-03,10,82446.558485,74288.524076,0.000000,95551.509572,CPTY_A
56,2018-04-13,14,92913.630580,71844.739631,0.000000,116596.030557,CPTY_A
57,2018-04-27,14,68784.142488,66474.592964,0.000000,50706.606653,CPTY_A
58,2018-05-11,14,74876.214886,70063.347186,0.000000,83710.547124,CPTY_A
59,2018-05-25,14,73165.854967,68813.985732,0.000000,91275.801176,CPTY_A
60,2018-06-08,14,87647.466961,78223.667820,0.000000,78909.611746,CPTY_A
61,2018-06-22,14,81320.961400,69467.724393,0.000000,99104.594004,CPTY_A
62,2018-07-06,14,77604.655557,61897.210826,0.000000,79764.198773,CPTY_A
63,2018-07-20,14,99090.347991,77966.488268,0.000000,128302.142171,CPTY_A
64,2018-08-03,14,83748.421668,79131.212052,0.000000,81379.591545,CPTY_A
65,2018-08-17,14,68221.074418,65849.934879,0.000000,71682.638066,CPTY_A
66,2018-08-31,14,105424.798608,77149.768744,0.000000,193162.370027,CPTY_A
67,2018-09-14,14,71182.185441,63958.186333,0.000000,64693.224212,CPTY_A
68,2018-09-28,14,87474.364077,75643.372662,0.000000,102473.904166,CPTY_A
69,2018-10-12,14,101374.629301,74216.371198,0.000000,195842.640951,CPTY_A
70,2018-10-26,14,87262.153364,81574.787242,0.000000,131943.701467,CPTY_A
71,2018-11-09,14,78088.015791,71303.616024,0.000000,95363.305357,CPTY_A
72,2018-11-23,14,85593.192921,78842.163554,0.000000,125874.060716,CPTY_A
73,2018-12-07,14,77133.109070,72250.413849,0.000000,99951.846091,CPTY_A
74,2018-12-21,14,93115.823537,85680.290898,0.000000,98655.572474,CPTY_A
75,2019-01-04,14,77380.804677,72037.219807,0.000000,76160.162327,CPTY_A
76,2019-01-18,14,77738.335533,71783.910596,0.000000,90000.131870,CPTY_A
77,2019-02-01,14,87266.239592,76676.871688,0.000000,126601.950486,CPTY_A
78,2019-02-15,14,112454.447254,78715.237816,0.000000,219655.281322,CPTY_A
79,2019-03-01,14,79837.513337,69337.431621,0.000000,101170.601366,CPTY_A
80,2019-03-15,14,94086.360686,79140.808493,0.000000,124720.356680,CPTY_A
81,2019-03-29,14,93502.718474,68021.515975,0.000000,192918.282329,CPTY_A
82,2019-04-12,14,108163.311223,95260.063685,0.000000,144280.257095,CPTY_A
83,2019-04-26,14,102879.214217,73133.487284,0.000000,181474.959242,CPTY_A
84,2019-05-10,14,75960.819739,68591.333119,0.000000,69307.119037,CPTY_A
85,2019-05-24,14,108423.965770,90649.682570,0.000000,101116.728855,CPTY_A
86,2019-06-07,14,102259.278600,73425.882475,0.000000,82329.204970,CPTY_A
87,2019-06-21,14,87275.391164,73296.410560,0.000000,78297.531505,CPTY_A
88,2019-07-05,14,115991.276232,84904.268950,0.000000,162547.836128,CPTY_A
89,2019-07-19,14,99127.313593,78709.477696,0.000000,114915.379615,CPTY_A
90,2019-08-02,14,86200.541713,77025.316066,0.000000,99196.407437,CPTY_A
91,2019-08-16,14,110065.418926,80832.210880,0.000000,242187.174909,CPTY_A
92,2019-08-30,14,98563.569716,84935.022532,0.000000,115176.740469,CPTY_A
93,2019-09-13,14,97550.283247,74341.373150,0.000000,128514.854701,CPTY_A
94,2019-09-27,14,85458.110324,78312.025232,0.000000,103742.278039,CPTY_A
95,2019-10-11,14,101986.545621,91516.956510,0.000000,159020.770852,CPTY_A
96,2019-10-25,14,78716.896314,72648.843854,0.000000,92864.366363,CPTY_A
97,2019-11-08,14,96639.214954,75381.072940,0.000000,159815.454213,CPTY_A
98,2019-11-22,14,100855.294118,91572.760649,0.000000,89343.029800,CPTY_A
99,2019-12-06,14,78781.062370,69385.615604,0.000000,83881.300358,CPTY_A
100,2019-12-20,14,87658.704054,72460.914163,0.000000,106025.033790,CPTY_A
101,2020-01-03,14,106470.969608,77479.667822,0.000000,122316.067721,CPTY_A
102,2020-01-17,14,107530.116338,92533.183812,0.000000,144337.606209,CPTY_A
103,2020-01-31,14,95436.374733,73566.642332,0.000000,158599.329995,CPTY_A
104,2020-02-14,14,103463.713634,81275.699829,0.000000,146305.161384,CPTY_A
105,2020-02-28,14,92332.178847,68195.449449,0.000000,124675.823311,CPTY_A
106,2020-03-13,14,113550.300626,94719.415570,0.000000,137080.780718,CPTY_A
107,2020-03-27,18,100735.262713,83403.071944,0.000000,100983.951100,CPTY_A
108,2020-04-14,10,107041.202042,82860.407865,0.000000,120066.468764,CPTY_A
109,2020-04-24,17,102207.562778,79379.686320,0.000000,83432.095288,CPTY_A
110,2020-05-11,11,105295.295017,84947.254654,0.000000,143957.388541,CPTY_A
111,2020-05-22,14,85042.107721,72149.341596,0.000000,118737.628296,CPTY_A
112,2020-06-05,14,100953.488656,88222.506850,0.000000,149150.417144,CPTY_A
113,2020-06-19,17,80900.023597,72192.197909,0.000000,113561.685975,CPTY_A
114,2020-07-06,11,107513.728315,89088.671453,0.000000,100967.458899,CPTY_A
115,2020-07-17,14,98194.321160,85637.378116,0.000000,132596.510871,CPTY_A
116,2020-07-31,14,72068.713998,64106.148259,0.000000,73356.812177,CPTY_A
117,2020-08-14,14,80548.800913,68317.788026,0.000000,100603.073644,CPTY_A
118,2020-08-28,14,77844.103879,65478.814409,0.000000,70052.706952,CPTY_A
119,2020-09-11,14,107890.408610,86318.280656,0.000000,204660.834312,CPTY_A
120,2020-09-25,14,98087.268229,81397.342795,0.000000,156359.512618,CPTY_A
121,2020-10-09,14,89261.843510,72481.335685,0.000000,169976.736793,CPTY_A
122,2020-10-23,14,77810.895257,66352.776161,0.000000,108021.376679,CPTY_A
123,2020-11-06,14,99493.251212,79835.975331,0.000000,144408.567104,CPTY_A
124,2020-11-20,14,77693.811949,60924.919331,0.000000,94167.974092,CPTY_A
125,2020-12-04,14,106525.371355,84183.374251,0.000000,139631.807663,CPTY_A
126,2020-12-18,17,79623.885094,76711.370445,0.000000,95841.329889,CPTY_A
127,2021-01-04,11,95940.190672,80793.780725,0.000000,109466.114876,CPTY_A
128,2021-01-15,14,93111.550879,81113.124067,0.000000,97571.506005,CPTY_A
129,2021-01-29,14,90030.497297,82230.877226,0.000000,96466.898192,CPTY_A
130,2021-02-12,14,105938.902604,85639.892861,0.000000,128061.787614,CPTY_A
131,2021-02-26,14,75538.724824,70395.142494,0.000000,86364.628516,CPTY_A
132,2021-03-12,14,98624.169161,76838.905201,0.000000,93330.461227,CPTY_A
133,2021-03-26,14,83338.669253,71827.745875,0.000000,86615.272869,CPTY_A
134,2021-04-09,14,70000.141216,60880.350051,0.000000,85647.655316,CPTY_A
135,2021-04-23,14,120466.482548,94460.167640,0.000000,186482.674618,CPTY_A
136,2021-05-07,14,109865.907877,93752.726582,0.000000,125570.796926,CPTY_A
137,2021-05-21,14,87940.454166,75256.539177,0.000000,89282.200602,CPTY_A
138,2021-06-04,14,69756.887673,63467.383558,0.000000,67033.273406,CPTY_A
139,2021-06-18,14,86252.877166,81275.403983,0.000000,108254.196061,CPTY_A
140,2021-07-02,14,83944.994346,75959.288908,0.000000,87502.018337,CPTY_A
141,2021-07-16,14,90469.203077,71349.091749,0.000000,147780.721875,CPTY_A
142,2021-07-30,14,121431.193779,98067.224664,0.000000,178365.063534,CPTY_A
143,2021-08-13,14,102691.243877,85472.194619,0.000000,74323.435688,CPTY_A
144,2021-08-27,14,65004.875783,56955.546001,0.000000,48404.493157,CPTY_A
145,2021-09-10,14,76061.766490,69500.656564,0.000000,77284.977166,CPTY_A
146,2021-09-24,14,75600.782636,64091.187758,0.000000,100382.797483,CPTY_A
147,2021-10-08,14,116564.422653,92905.792910,0.000000,113150.726042,CPTY_A
148,2021-10-22,14,88606.176612,78130.074998,0.000000,100813.053868,CPTY_A
149,2021-11-05,14,95449.629948,84457.743517,0.000000,78722.403211,CPTY_A
150,2021-11-19,14,97967.542099,81476.670585,0.000000,179496.396889,CPTY_A
151,2021-12-03,14,82870.734315,72502.725810,0.000000,123926.131550,CPTY_A
152,2021-12-17,18,82678.236919,79720.414655,0.000000,90587.422494,CPTY_A
153,2022-01-04,10,75795.415844,71577.540737,0.000000,96486.774714,CPTY_A
154,2022-01-14,14,87474.193646,71379.159387,0.000000,54446.793763,CPTY_A
155,2022-01-28,14,90535.923421,82827.484281,0.000000,114080.367067,CPTY_A
156,2022-02-11,14,80567.044669,72726.905031,0.000000,97257.844825,CPTY_A
157,2022-02-25,14,89192.789264,74486.358761,0.000000,97667.738576,CPTY_A
158,2022-03-11,14,81322.549351,71179.494215,0.000000,156615.036216,CPTY_A
159,2022-03-25,14,94723.879937,84620.276964,0.000000,149381.729597,CPTY_A
160,2022-04-08,14,82342.042543,73774.854729,0.000000,87270.173171,CPTY_A
161,2022-04-22,14,109824.280962,92192.516617,0.000000,153492.220225,CPTY_A
162,2022-05-06,14,90132.468646,75618.309303,0.000000,116009.586511,CPTY_A
163,2022-05-20,14,67423.734125,64941.605529,0.000000,57489.098809,CPTY_A
164,2022-06-03,14,91901.730442,76344.405440,0.000000,199887.185580,CPTY_A
165,2022-06-17,14,97668.738171,81529.802318,0.000000,121079.725762,CPTY_A
166,2022-07-01,14,89056.040059,77917.976445,0.000000,117832.417248,CPTY_A
167,2022-07-15,14,82581.264523,73369.971726,0.000000,104991.716537,CPTY_A
168,2022-07-29,14,62454.045228,59773.633434,0.000000,78383.767782,CPTY_A
169,2022-08-12,14,79718.635315,73929.433856,0.000000,139869.562101,CPTY_A
170,2022-08-26,14,87521.215123,82807.483215,0.000000,118303.697787,CPTY_A
171,2022-09-09,14,72932.204428,70392.635402,0.000000,98538.090652,CPTY_A
172,2022-09-23,14,67800.102708,62087.954464,0.000000,94719.054376,CPTY_A
173,2022-10-07,14,115679.065050,95489.388940,0.000000,152058.496200,CPTY_A
174,2022-10-21,14,83680.437365,72428.645084,0.000000,109994.046376,CPTY_A
175,2022-11-04,14,86537.181193,77371.206473,0.000000,86182.978795,CPTY_A
176,2022-11-18,14,87853.160738,78800.559705,0.000000,126526.517355,CPTY_A
177,2022-12-02,14,92181.611276,87393.747202,0.000000,128076.615626,CPTY_A
178,2022-12-16,14,88560.568014,80850.403695,0.000000,96531.233489,CPTY_A
179,2022-12-30,14,75653.038159,64065.138657,0.000000,137955.207835,CPTY_A
180,2023-01-13,14,82606.228729,77232.452266,0.000000,83275.843271,CPTY_A
181,2023-01-27,14,83153.139065,78600.278491,0.000000,90436.438590,CPTY_A
182,2023-02-10,14,89985.645445,74895.506808,0.000000,178848.650374,CPTY_A
183,2023-02-24,14,82105.390716,71264.860231,0.000000,97904.651150,CPTY_A
184,2023-03-10,14,86699.169366,73128.595078,0.000000,162826.069279,CPTY_A
185,2023-03-24,18,81782.277461,72200.122382,0.000000,92294.152675,CPTY_A
186,2023-04-11,10,87112.308012,73596.522954,0.000000,85518.408285,CPTY_A
187,2023-04-21,14,73870.252137,65623.673794,0.000000,67255.345201,CPTY_A
188,2023-05-05,14,81037.355847,78145.842257,0.000000,80048.788430,CPTY_A
189,2023-05-19,14,89986.916148,80438.510481,0.000000,147360.824598,CPTY_A
190,2023-06-02,14,105127.439706,89437.078199,0.000000,192114.965717,CPTY_A
191,2023-06-16,14,82734.752248,74655.533628,0.000000,85587.415127,CPTY_A
192,2023-06-30,14,79011.337899,68658.011092,0.000000,104372.291847,CPTY_A
193,2023-07-14,14,87108.750025,84413.027505,0.000000,68490.072320,CPTY_A
194,2023-07-28,14,80753.906058,74563.313982,0.000000,84945.460996,CPTY_A
195,2023-08-11,14,81320.617446,74922.672605,0.000000,103786.619728,CPTY_A
196,2023-08-25,14,98970.552295,81732.104064,0.000000,115492.262168,CPTY_A
197,2023-09-08,14,84898.680002,80806.717939,0.000000,98438.464619,CPTY_A
198,2023-09-22,14,90078.060174,79726.764304,0.000000,143419.367905,CPTY_A
199,2023-10-06,14,74444.474543,64723.275129,0.000000,57415.311811,CPTY_A
200,2023-10-20,14,99186.118016,84547.828097,0.000000,123492.953024,CPTY_A
201,2023-11-03,14,112827.522499,104611.774843,0.000000,157539.447429,CPTY_A
202,2023-11-17,14,80987.912381,70173.125980,0.000000,136845.910412,CPTY_A
203,2023-12-01,14,72933.472141,70355.201429,0.000000,91634.654587,CPTY_A
204,2023-12-15,14,104057.343024,94172.454420,0.000000,89779.278426,CPTY_A
205,2023-12-29,14,88076.697634,78292.973857,0.000000,107226.229243,CPTY_A
206,2024-01-12,14,82791.053107,73411.573442,0.000000,124045.503294,CPTY_A
207,2024-01-26,14,82996.782992,81259.067406,0.000000,123092.250552,CPTY_A
208,2024-02-09,14,96718.011648,87170.721909,0.000000,167602.760618,CPTY_A
209,2024-02-23,14,72094.924571,61615.386396,0.000000,67729.794507,CPTY_A
210,2024-03-08,14,97421.837733,86622.287127,0.000000,100443.381082,CPTY_A
211,2024-03-22,14,89730.594799,87900.531317,0.000000,112784.155548,CPTY_A
212,2024-04-05,14,90097.298330,77805.087342,0.000000,129344.653859,CPTY_A
213,2024-04-19,14,71846.912414,70100.050858,0.000000,133873.967556,CPTY_A
214,2024-05-03,14,107603.642818,93167.946039,0.000000,131707.164560,CPTY_A
215,2024-05-17,14,90704.250060,86618.417314,0.000000,81181.763991,CPTY_A
216,2024-05-31,14,117800.387194,98742.181517,0.000000,172975.988127,CPTY_A
217,2024-06-14,14,76253.744625,69978.176422,0.000000,99662.274699,CPTY_A
218,2024-06-28,14,75264.257576,71874.961102,0.000000,79379.662438,CPTY_A
219,2024-07-12,14,82814.757847,71293.505148,0.000000,127153.061808,CPTY_A
220,2024-07-26,14,106145.905533,95443.628759,0.000000,107373.757242,CPTY_A
221,2024-08-09,14,104270.031363,97516.933593,0.000000,140149.182526,CPTY_A
222,2024-08-23,14,88445.934390,76949.538327,0.000000,179169.880742,CPTY_A
223,2024-09-06,14,101472.194191,97196.461109,0.000000,130798.560884,CPTY_A
224,2024-09-20,14,86129.134717,78378.341529,0.000000,88635.929932,CPTY_A
225,2024-10-04,14,88544.748979,73535.335313,0.000000,147087.319541,CPTY_A
226,2024-10-18,14,103712.071298,89396.750390,0.000000,140567.729241,CPTY_A
227,2024-11-01,14,84429.934748,77012.401616,0.000000,107142.669508,CPTY_A
228,2024-11-15,14,81368.410839,80416.515968,0.000000,79319.368608,CPTY_A
229,2024-11-29,14,107266.047881,97186.298442,0.000000,186051.185027,CPTY_A
230,2024-12-13,14,105975.346613,89515.731187,0.000000,110677.659556,CPTY_A
231,2024-12-27,14,100823.658200,84842.739989,0.000000,146968.102675,CPTY_A
232,2025-01-10,14,81968.390569,75011.387940,0.000000,94695.798968,CPTY_A
233,2025-01-24,14,132507.007618,111213.867216,0.000000,165859.831841,CPTY_A
234,2025-02-07,14,72945.532243,62981.144317,0.000000,103025.534726,CPTY_A
235,2025-02-21,14,92227.090934,75607.267744,0.000000,163007.919923,CPTY_A
236,2025-03-07,14,89355.903048,73070.957842,0.000000,149526.963838,CPTY_A
237,2025-03-21,14,103915.306716,99651.704802,0.000000,163354.907425,CPTY_A
238,2025-04-04,18,89970.703368,86786.942603,0.000000,112298.470514,CPTY_A
239,2025-04-22,10,78239.867233,66387.767540,0.000000,104825.559465,CPTY_A
240,2025-05-02,14,110492.944503,101065.588756,0.000000,133624.548336,CPTY_A
241,2025-05-16,14,98800.962110,83398.771992,0.000000,135994.809015,CPTY_A
242,2025-05-30,14,86047.914620,81451.876838,0.000000,91029.447971,CPTY_A
243,2025-06-13,14,113474.305444,99107.611989,0.000000,156951.659591,CPTY_A
244,2025-06-27,14,83188.631524,73920.207998,0.000000,79267.363015,CPTY_A
245,2025-07-11,14,96331.183128,91864.626396,0.000000,124560.525643,CPTY_A
246,2025-07-25,14,100376.226841,97670.393086,0.000000,166442.966494,CPTY_A
247,2025-08-08,14,95072.712825,88233.682881,0.000000,92109.155117,CPTY_A
248,2025-08-22,14,107279.862783,101174.226426,0.000000,122550.172600,CPTY_A
249,2025-09-05,14,98893.745000,83088.462893,0.000000,152708.672771,CPTY_A
250,2025-09-19,14,109202.613281,87704.363048,0.000000,152931.533670,CPTY_A
251,2025-10-03,14,105787.884018,93231.392267,0.000000,148363.719045,CPTY_A
252,2025-10-17,14,79849.195101,71970.316172,0.000000,107856.082331,CPTY_A
253,2025-10-31,14,86184.113793,68341.880620,0.000000,73187.816298,CPTY_A
254,2025-11-14,14,105560.601982,100367.789299,0.000000,195616.900820,CPTY_A
255,2025-11-28,14,96198.319959,85786.903856,0.000000,141059.896835,CPTY_A
256,2025-12-12,17,76190.099178,69583.412997,0.000000,129824.084395,CPTY_A
257,2025-12-29,11,72093.046668,64911.038312,0.000000,76085.753016,CPTY_A
258,2026-01-09,14,90052.017717,83829.575109,0.000000,130944.185337,CPTY_A
259,2026-01-23,14,89353.020776,85040.574996,0.000000,120891.891176,CPTY_A
260,2026-02-06,14,97721.005650,92858.990176,0.000000,162502.073221,CPTY_A
261,2026-02-20,14,129919.551193,110826.819625,0.000000,179473.533909,CPTY_A
262,2026-03-06,14,118371.390490,96019.278230,0.000000,191636.060411,CPTY_A
263,2026-03-20,18,113039.968752,105775.662791,0.000000,109696.785892,CPTY_A
264,2026-04-07,10,111454.861995,88269.855946,0.000000,98988.214212,CPTY_A
265,2026-04-17,18,131834.531748,104210.791525,0.000000,218444.067784,CPTY_A
266,2026-05-05,10,103564.596984,96342.498823,0.000000,114876.722762,CPTY_A
267,2026-05-15,14,69937.962709,64612.058541,0.000000,86017.654585,CPTY_A
268,2026-05-29,14,100747.039704,88566.516584,0.000000,122972.472969,CPTY_A
269,2026-06-12,14,85307.535362,72088.041374,0.000000,81742.685371,CPTY_A
270,2026-06-26,14,105153.731225,95708.099173,0.000000,145192.099406,CPTY_A
271,2026-07-10,14,138476.280543,132090.415769,0.000000,194093.338114,CPTY_A
272,2026-07-24,14,113029.508585,99128.688665,0.000000,183351.789134,CPTY_A
273,2026-08-07,14,73842.660992,71417.576934,0.000000,103209.101750,CPTY_A
274,2026-08-21,14,91664.131569,90015.582564,0.000000,126553.213994,CPTY_A
275,2026-09-04,14,108762.671567,92405.814728,0.000000,147870.035595,CPTY_A
276,2026-09-18,14,89012.192100,84485.985842,0.000000,94365.007872,CPTY_A
277,2026-10-02,14,98148.646709,99027.012448,0.000000,161082.056020,CPTY_A
278,2026-10-16,14,103015.148648,94109.392427,0.000000,122737.683065,CPTY_A
279,2026-10-30,14,66380.092233,65988.060535,0.000000,134180.466992,CPTY_A
280,2026-11-13,14,111716.919757,102322.744727,0.000000,181205.184586,CPTY_A
281,2026-11-27,14,102462.516128,98714.242001,0.000000,118931.628075,CPTY_A
282,2026-12-11,18,73605.274039,71185.576022,0.000000,88513.818589,CPTY_A
283,2026-12-29,10,103154.373351,92630.928218,0.000000,98538.665996,CPTY_A
284,2027-01-08,14,76662.774417,72371.227796,0.000000,72178.086767,CPTY_A
285,2027-01-22,14,96303.755022,94766.446814,0.000000,94044.234989,CPTY_A
286,2027-02-05,14,94762.926129,75814.349428,0.000000,178946.983384,CPTY_A
287,2027-02-19,14,75857.920119,69826.693884,-11482.478994,96306.441730,CPTY_A
288,2027-03-05,14,89290.739649,82626.039434,0.000000,109937.291943,CPTY_A
289,2027-03-19,14,70685.665342,68381.968640,0.000000,80602.693898,CPTY_A
290,2027-04-02,14,90408.106047,89595.505123,0.000000,164837.464894,CPTY_A
291,2027-04-16,14,90872.133934,74672.267679,0.000000,124525.391247,CPTY_A
292,2027-04-30,14,77897.581551,78024.466068,0.000000,116430.272188,CPTY_A
293,2027-05-14,14,86070.933427,81533.637564,0.000000,107735.543627,CPTY_A
294,2027-05-28,14,65311.731965,60664.932864,0.000000,85723.388508,CPTY_A
295,2027-06-11,14,70230.452944,69931.922571,0.000000,144105.955336,CPTY_A
296,2027-06-25,14,84908.561255,81124.250764,0.000000,136526.353267,CPTY_A
297,2027-07-09,14,92695.787265,82517.893380,0.000000,79444.460328,CPTY_A
298,2027-07-23,14,97922.424938,83447.322737,0.000000,116321.406038,CPTY_A
299,2027-08-06,14,91153.902994,82087.908598,0.000000,107028.411101,CPTY_A
300,2027-08-20,14,92913.827750,86630.749469,-12592.063740,120590.819352,CPTY_A
301,2027-09-03,14,67584.284073,58451.974176,0.000000,91181.739223,CPTY_A
302,2027-09-17,14,86399.509751,73592.622501,0.000000,97216.979356,CPTY_A
303,2027-10-01,14,64180.520450,54637.361768,0.000000,70598.427097,CPTY_A
304,2027-10-15,14,77054.941624,75417.017779,0.000000,113315.031578,CPTY_A
305,2027-10-29,14,79108.988563,65171.819922,0.000000,134780.163327,CPTY_A
306,2027-11-12,14,86236.564851,81007.592510,0.000000,156527.440398,CPTY_A
307,2027-11-26,14,57070.683101,49745.486323,0.000000,80714.213677,CPTY_A
308,2027-12-10,19,70194.655965,66385.359423,0.000000,107569.173914,CPTY_A
309,2027-12-29,9,113743.675832,97420.143547,0.000000,175034.693149,CPTY_A
310,2028-01-07,14,78943.379318,75474.549130,0.000000,96853.250162,CPTY_A
311,2028-01-21,14,85206.102559,87552.319459,0.000000,57757.200120,CPTY_A
312,2028-02-04,14,93596.194875,88793.793312,0.000000,136745.907034,CPTY_A
313,2028-02-18,14,74428.673173,66381.062212,55955.415234,103699.105602,CPTY_A
314,2028-03-03,14,60737.085814,59658.352480,0.000000,93919.390961,CPTY_A
315,2028-03-17,14,96209.814035,88800.958883,0.000000,113314.267133,CPTY_A
316,2028-03-31,18,59898.724327,60092.430817,0.000000,80675.313659,CPTY_A
317,2028-04-18,10,88007.852187,79649.712343,0.000000,99848.113401,CPTY_A
318,2028-04-28,14,71091.103543,69828.987938,0.000000,81522.353175,CPTY_A
319,2028-05-12,14,63542.586462,63203.186706,0.000000,65221.835201,CPTY_A
320,2028-05-26,14,61485.418770,56139.873781,0.000000,91174.677874,CPTY_A
321,2028-06-09,14,60154.575664,57117.895177,0.000000,88910.478209,CPTY_A
322,2028-06-23,14,90073.588671,78523.060255,0.000000,123156.775952,CPTY_A
323,2028-07-07,14,66673.819021,64237.290662,0.000000,70805.477195,CPTY_A
324,2028-07-21,14,78239.112486,68744.713759,0.000000,81995.551242,CPTY_A
325,2028-08-04,14,87727.647186,85415.395183,0.000000,97894.412937,CPTY_A
326,2028-08-18,14,74255.766168,67225.120430,-12427.317979,165663.357178,CPTY_A
327,2028-09-01,14,92568.032374,91139.528841,0.000000,120654.310025,CPTY_A
328,2028-09-15,14,55035.479259,54918.913110,0.000000,89842.608778,CPTY_A
329,2028-09-29,14,59109.722559,51012.267552,0.000000,110968.146055,CPTY_A
330,2028-10-13,14,72597.067075,71580.894708,0.000000,80104.449897,CPTY_A
331,2028-10-27,17,45655.374600,45585.502020,0.000000,49329.710767,CPTY_A
332,2028-11-13,11,71033.380702,63765.063040,0.000000,94268.851909,CPTY_A
333,2028-11-24,14,65875.286586,65284.789235,0.000000,92478.156174,CPTY_A
334,2028-12-08,14,68782.359150,58545.740713,0.000000,145842.459719,CPTY_A
335,2028-12-22,14,66575.149408,65250.754963,0.000000,95360.303880,CPTY_A
336,2029-01-05,14,45575.768821,43674.897509,0.000000,63815.842220,CPTY_A
337,2029-01-19,14,63457.590560,61364.561060,0.000000,80891.001600,CPTY_A
338,2029-02-02,14,52387.262037,52297.014232,0.000000,68718.981257,CPTY_A
339,2029-02-16,14,74755.477729,71829.028045,53975.868359,129132.950630,CPTY_A
340,2029-03-02,14,70621.234214,71860.869383,0.000000,89328.733464,CPTY_A
341,2029-03-16,18,63163.541188,61889.348288,0.000000,78264.860744,CPTY_A
342,2029-04-03,10,53101.376454,47183.809004,0.000000,82425.802318,CPTY_A
343,2029-04-13,14,62318.420169,62878.695519,0.000000,105949.749937,CPTY_A
344,2029-04-27,14,63763.167203,58022.776699,0.000000,87653.011340,CPTY_A
345,2029-05-11,14,76395.958653,68780.808179,0.000000,142898.592766,CPTY_A
346,2029-05-25,14,66581.342136,67073.736178,0.000000,96476.622328,CPTY_A
347,2029-06-08,14,58172.383596,56647.435383,0.000000,99530.376862,CPTY_A
348,2029-06-22,14,63104.007164,63599.375012,0.000000,70737.946301,CPTY_A
349,2029-07-06,14,60670.400368,52821.331654,0.000000,86842.182380,CPTY_A
350,2029-07-20,14,61619.326237,62190.427826,0.000000,98005.552714,CPTY_A
351,2029-08-03,14,69227.301622,68429.115963,0.000000,89267.712625,CPTY_A
352,2029-08-17,14,60706.789545,56111.729810,0.000000,95184.795962,CPTY_A
353,2029-08-31,14,56623.726891,56486.011278,-12480.900977,83566.958753,CPTY_A
354,2029-09-14,14,50964.023971,50317.685532,0.000000,83041.466961,CPTY_A
355,2029-09-28,14,66915.697585,66646.503678,0.000000,78263.111593,CPTY_A
356,2029-10-12,14,52883.864289,53522.433239,0.000000,64901.371973,CPTY_A
357,2029-10-26,14,67374.577394,63632.140870,0.000000,114603.985040,CPTY_A
358,2029-11-09,14,56034.708433,57262.676450,0.000000,73462.983704,CPTY_A
359,2029-11-23,14,61954.913171,60698.172225,0.000000,74436.889384,CPTY_A
360,2029-12-07,14,44165.839776,44798.946946,0.000000,63670.966329,CPTY_A
361,2029-12-21,14,54546.660183,55361.441047,0.000000,57076.628524,CPTY_A
362,2030-01-04,14,45152.650797,46051.381830,0.000000,71288.224337,CPTY_A
363,2030-01-18,14,61704.867413,61970.833275,0.000000,90785.545628,CPTY_A
364,2030-02-01,14,64524.053492,66551.750099,0.000000,111355.408617,CPTY_A
365,2030-02-15,14,58992.054774,53372.002125,59067.082813,71921.269351,CPTY_A
366,2030-03-01,14,48585.526101,50030.873390,0.000000,67391.621153,CPTY_A
367,2030-03-15,14,46865.058378,47364.384510,0.000000,64554.403291,CPTY_A
368,2030-03-29,14,44538.938096,42149.485115,0.000000,44600.103884,CPTY_A
369,2030-04-12,14,59537.972458,54686.274133,0.000000,127402.510141,CPTY_A
370,2030-04-26,14,69537.300049,71222.508216,0.000000,84871.366092,CPTY_A
371,2030-05-10,14,59665.955153,61312.724083,0.000000,76641.153449,CPTY_A
372,2030-05-24,14,56216.584569,53429.448780,0.000000,92612.321417,CPTY_A
373,2030-06-07,14,50172.617998,50438.929009,0.000000,90765.094419,CPTY_A
374,2030-06-21,14,67675.031605,65431.993862,0.000000,77736.585689,CPTY_A
375,2030-07-05,14,50500.665846,51004.024005,0.000000,70010.737369,CPTY_A
376,2030-07-19,14,69419.671915,65726.856409,0.000000,125432.297380,CPTY_A
377,2030-08-02,14,42851.769574,44300.406829,0.000000,45313.897015,CPTY_A
378,2030-08-16,14,46916.905192,48434.551187,0.000000,47128.392777,CPTY_A
379,2030-08-30,14,61435.650273,63758.491852,-8901.739707,109824.904999,CPTY_A
380,2030-09-13,14,40945.626960,42666.230152,0.000000,36548.405989,CPTY_A
381,2030-09-27,14,40677.538331,41359.853469,0.000000,56539.921378,CPTY_A
382,2030-10-11,14,36227.285527,34259.756333,0.000000,52528.005805,CPTY_A
383,2030-10-25,14,55256.376043,50199.080040,0.000000,50523.661955,CPTY_A
384,2030-11-08,14,57021.816109,56007.075324,0.000000,70934.566064,CPTY_A
385,2030-11-22,14,47084.160983,45305.959754,0.000000,81297.452631,CPTY_A
386,2030-12-06,14,45242.538967,43455.169226,0.000000,69299.508789,CPTY_A
387,2030-12-20,14,49330.630907,49400.723984,0.000000,64921.707490,CPTY_A
388,2031-01-03,14,37440.262018,39540.243156,0.000000,17225.331466,CPTY_A
389,2031-01-17,14,54756.167278,56660.099456,0.000000,73617.403923,CPTY_A
390,2031-01-31,14,49376.866757,47581.707891,0.000000,72836.023050,CPTY_A
391,2031-02-14,14,52182.707306,52904.358352,0.000000,83649.765739,CPTY_A
392,2031-02-28,14,36041.798021,36641.245727,56738.772188,50421.342030,CPTY_A
393,2031-03-14,14,48589.179835,50590.619596,0.000000,57288.309189,CPTY_A
394,2031-03-28,18,43344.668370,41312.328394,0.000000,58063.742950,CPTY_A
395,2031-04-15,10,48530.909446,47187.724148,0.000000,28295.715517,CPTY_A
396,2031-04-25,14,37509.106767,36772.895581,0.000000,44327.972571,CPTY_A
397,2031-05-09,14,36442.251542,36639.414452,0.000000,42321.511560,CPTY_A
398,2031-05-23,14,48501.940947,45852.833558,0.000000,61758.550018,CPTY_A
399,2031-06-06,14,42522.858172,40112.533717,0.000000,69586.064372,CPTY_A
400,2031-06-20,17,36922.246180,38688.935849,0.000000,40056.612511,CPTY_A
401,2031-07-07,11,49328.040737,47815.786973,0.000000,88422.812155,CPTY_A
402,2031-07-18,17,42246.947107,42970.026923,0.000000,48567.031808,CPTY_A
403,2031-08-04,11,46542.255338,47305.376687,0.000000,53113.650601,CPTY_A
404,2031-08-15,14,38670.311633,40761.662547,0.000000,50025.208074,CPTY_A
405,2031-08-29,14,42838.918757,40628.368824,-10602.673281,47483.071026,CPTY_A
406,2031-09-12,14,38884.975257,37627.891605,0.000000,39518.078804,CPTY_A
407,2031-09-26,14,29958.219268,29920.458592,0.000000,33434.532321,CPTY_A
408,2031-10-10,14,31027.425814,32756.617818,0.000000,42577.742708,CPTY_A
409,2031-10-24,14,31242.012234,32302.324646,0.000000,43828.856856,CPTY_A
410,2031-11-07,14,30345.809962,30226.362869,0.000000,27007.262785,CPTY_A
411,2031-11-21,14,40434.074481,39568.928033,0.000000,52023.595729,CPTY_A
412,2031-12-05,14,35996.488303,36743.543644,0.000000,64090.077056,CPTY_A
413,2031-12-19,17,33715.259837,35029.317706,0.000000,42075.786531,CPTY_A
414,2032-01-05,11,40919.439670,42610.275659,0.000000,77824.964429,CPTY_A
415,2032-01-16,14,33547.648814,32581.545899,0.000000,26651.344592,CPTY_A
416,2032-01-30,14,31781.494175,32476.741869,0.000000,51792.505541,CPTY_A
417,2032-02-13,14,31728.732607,32415.003989,0.000000,19340.450121,CPTY_A
418,2032-02-27,14,19793.354711,20414.044435,52693.602422,30550.676368,CPTY_A
419,2032-03-12,18,41631.127395,42853.513451,0.000000,49462.100769,CPTY_A
420,2032-03-30,10,37978.339957,38214.563765,0.000000,39413.482149,CPTY_A
421,2032-04-09,14,24665.770844,25167.590574,0.000000,25987.900456,CPTY_A
422,2032-04-23,14,29423.163362,30386.845525,0.000000,36335.413174,CPTY_A
423,2032-05-07,14,39244.223567,37813.180408,0.000000,63935.208536,CPTY_A
424,2032-05-21,14,29583.698084,29714.204712,0.000000,29309.541487,CPTY_A
425,2032-06-04,14,35534.256491,36392.768798,0.000000,44994.010270,CPTY_A
426,2032-06-18,14,29026.700559,30602.905363,0.000000,41595.472922,CPTY_A
427,2032-07-02,14,35376.060741,36103.191768,0.000000,40647.203753,CPTY_A
428,2032-07-16,14,25332.505568,26650.808252,0.000000,37409.292620,CPTY_A
429,2032-07-30,14,38079.990839,38926.333417,0.000000,36525.048177,CPTY_A
430,2032-08-13,14,30220.519949,30993.000695,0.000000,39176.201491,CPTY_A
431,2032-08-27,14,25428.005647,26406.916795,-13605.323452,32495.643272,CPTY_A
432,2032-09-10,14,30580.125501,27506.128174,0.000000,25718.911397,CPTY_A
433,2032-09-24,14,21105.101425,20703.617369,0.000000,28294.497064,CPTY_A
434,2032-10-08,14,28456.007982,29641.710679,0.000000,48374.063968,CPTY_A
435,2032-10-22,14,26740.419024,25779.111469,0.000000,32929.156290,CPTY_A
436,2032-11-05,14,19157.316134,20110.433317,0.000000,26439.245463,CPTY_A
437,2032-11-19,14,29525.409024,30626.116058,0.000000,31820.424482,CPTY_A
438,2032-12-03,14,28126.919904,28013.479174,0.000000,32423.475546,CPTY_A
439,2032-12-17,18,28783.700284,28235.910527,0.000000,46432.288607,CPTY_A
440,2033-01-04,10,17465.747391,17048.265036,0.000000,22821.138775,CPTY_A
441,2033-01-14,14,23641.571642,25151.581727,0.000000,40037.195645,CPTY_A
442,2033-01-28,14,24330.311753,25510.503078,0.000000,23214.337066,CPTY_A
443,2033-02-11,14,23900.776886,23782.450976,0.000000,20102.248978,CPTY_A
444,2033-02-25,14,28060.484508,29462.912271,50616.807305,16274.119767,CPTY_A
445,2033-03-11,14,22617.617616,22071.093389,0.000000,23159.605443,CPTY_A
446,2033-03-25,14,20880.733217,21030.766770,0.000000,26873.775344,CPTY_A
447,2033-04-08,14,22806.023876,24148.100386,0.000000,36609.314664,CPTY_A
448,2033-04-22,14,20810.048026,20424.235718,0.000000,34070.924162,CPTY_A
449,2033-05-06,14,19329.107825,19185.434897,0.000000,33336.466349,CPTY_A
450,2033-05-20,14,21182.135534,21340.214272,0.000000,30506.878915,CPTY_A
451,2033-06-03,14,21404.072328,21447.317116,0.000000,31733.246937,CPTY_A
452,2033-06-17,14,26751.136136,27624.597691,0.000000,36122.859281,CPTY_A
453,2033-07-01,14,19186.200082,19064.293713,0.000000,24230.170225,CPTY_A
454,2033-07-15,14,20187.964005,20672.556069,0.000000,37583.522168,CPTY_A
455,2033-07-29,14,28335.837872,27544.929325,0.000000,28962.779894,CPTY_A
456,2033-08-12,14,24125.646373,24102.156026,0.000000,33657.611386,CPTY_A
457,2033-08-26,14,19805.563726,20815.640133,-14529.047578,26706.355949,CPTY_A
458,2033-09-09,14,12168.702972,12665.230766,0.000000,18359.580653,CPTY_A
459,2033-09-23,14,19818.657904,20786.107446,0.000000,28709.866617,CPTY_A
460,2033-10-07,14,19645.763766,20161.617721,0.000000,17787.031564,CPTY_A
461,2033-10-21,14,17147.665064,17796.847015,0.000000,27585.928567,CPTY_A
462,2033-11-04,14,17177.431951,17522.534282,0.000000,25462.223835,CPTY_A
463,2033-11-18,14,20467.970159,21641.431015,0.000000,21882.816093,CPTY_A
464,2033-12-02,14,16728.092894,17720.329782,0.000000,16197.634216,CPTY_A
465,2033-12-16,14,18039.350290,19399.044876,0.000000,24932.976000,CPTY_A
466,2033-12-30,14,15317.412034,16244.053684,0.000000,17613.448845,CPTY_A
467,2034-01-13,14,17222.558523,18293.607786,0.000000,22127.129644,CPTY_A
468,2034-01-27,14,18417.434202,17627.410745,0.000000,32045.448959,CPTY_A
469,2034-02-10,14,11628.735945,12280.906587,0.000000,15986.392386,CPTY_A
470,2034-02-24,14,15802.152847,16783.879222,49082.122344,19895.873274,CPTY_A
471,2034-03-10,14,11411.957886,12132.825994,0.000000,11920.840471,CPTY_A
472,2034-03-24,18,14609.981023,15562.939222,0.000000,17149.689250,CPTY_A
473,2034-04-11,10,14421.324046,15245.364068,0.000000,17306.229045,CPTY_A
474,2034-04-21,14,13096.656278,13959.655767,0.000000,18029.798273,CPTY_A
475,2034-05-05,14,14298.106078,15193.837321,0.000000,14654.680081,CPTY_A
476,2034-05-19,14,13696.089187,13785.098173,0.000000,21032.470291,CPTY_A
477,2034-06-02,14,16270.245095,17249.380228,0.000000,30820.194557,CPTY_A
478,2034-06-16,14,9567.916979,9506.579084,0.000000,8069.048042,CPTY_A
479,2034-06-30,14,15260.427996,16545.120334,0.000000,19864.275298,CPTY_A
480,2034-07-14,14,10725.523107,11461.724978,0.000000,17203.036358,CPTY_A
481,2034-07-28,14,10954.805084,11677.245807,0.000000,18462.814236,CPTY_A
482,2034-08-11,14,12003.532148,13522.118988,0.000000,10917.421058,CPTY_A
483,2034-08-25,14,13975.414157,14859.903736,-15419.523203,20979.937059,CPTY_A
484,2034-09-08,14,10808.357768,11540.140601,0.000000,13179.812214,CPTY_A
485,2034-09-22,14,7397.327344,7139.931089,0.000000,13477.270094,CPTY_A
486,2034-10-06,14,8684.698086,8847.268323,0.000000,11330.787791,CPTY_A
487,2034-10-20,14,8065.439181,8613.633188,0.000000,11098.242846,CPTY_A
488,2034-11-03,14,6475.682008,6892.965468,0.000000,11422.218414,CPTY_A
489,2034-11-17,14,7786.298631,8247.199543,0.000000,10248.620034,CPTY_A
490,2034-12-01,14,6479.433576,6870.276310,0.000000,10568.896975,CPTY_A
491,2034-12-15,14,9415.280766,10354.017705,0.000000,13676.046357,CPTY_A
492,2034-12-29,14,7022.431835,6906.432952,0.000000,8229.337743,CPTY_A
493,2035-01-12,14,9736.878267,10341.810797,0.000000,11914.637761,CPTY_A
494,2035-01-26,14,8722.133673,8788.100269,0.000000,12893.263569,CPTY_A
495,2035-02-09,14,7890.224677,7774.595112,0.000000,13089.195855,CPTY_A
496,2035-02-23,14,10378.659657,10432.105693,46696.936563,13485.961356,CPTY_A
497,2035-03-09,18,4775.151998,5126.379317,0.000000,7572.275025,CPTY_A
498,2035-03-27,10,4435.940290,4641.240345,0.000000,5522.659815,CPTY_A
499,2035-04-06,14,3497.987527,3779.902332,0.000000,3092.971837,CPTY_A
500,2035-04-20,14,3780.352408,4264.089123,0.000000,6821.754069,CPTY_A
501,2035-05-04,14,4327.524904,4768.049797,0.000000,4107.662762,CPTY_A
502,2035-05-18,14,4549.576089,4930.556677,0.000000,3798.423373,CPTY_A
503,2035-06-01,14,3347.755465,3607.144380,0.000000,5510.145246,CPTY_A
504,2035-06-15,14,4268.435095,4575.304327,0.000000,4415.344869,CPTY_A
505,2035-06-29,14,4251.958430,4496.832365,0.000000,3670.074034,CPTY_A
506,2035-07-13,14,2997.041436,3227.081918,0.000000,4321.900673,CPTY_A
507,2035-07-27,14,5774.736181,5858.256825,0.000000,8009.024145,CPTY_A
508,2035-08-10,14,5294.715326,5582.457863,0.000000,5842.593849,CPTY_A
509,2035-08-24,14,3475.029221,3699.498020,-15799.884368,4148.307576,CPTY_A
510,2035-09-07,14,62.221311,72.800219,0.000000,105.555524,CPTY_A
511,2035-09-21,14,86.749383,84.675382,0.000000,91.392306,CPTY_A
512,2035-10-05,14,97.780477,98.488819,0.000000,111.730886,CPTY_A
513,2035-10-19,14,69.839220,86.199562,0.000000,106.194096,CPTY_A
514,2035-11-02,14,73.400115,75.727589,0.000000,73.302797,CPTY_A
515,2035-11-16,14,80.957731,82.620498,0.000000,53.820692,CPTY_A
516,2035-11-30,14,60.810327,67.757174,0.000000,68.652048,CPTY_A
517,2035-12-14,14,55.731897,63.425747,0.000000,62.349090,CPTY_A
518,2035-12-28,14,63.942694,66.407794,0.000000,49.178779,CPTY_A
519,2036-01-11,14,63.126279,69.815912,0.000000,59.836267,CPTY_A
520,2036-01-25,14,68.512567,71.219024,0.000000,56.742814,CPTY_A
521,2036-02-08,14,60.495953,66.549147,0.000000,57.522024,CPTY_A
522,2036-02-22,14,43.120353,48.954685,45155.176914,45.920208,CPTY_A
523,2036-03-07,14,0.000000,0.000000,0.000000,0.000000,CPTY_A
524,2036-03-21,14,0.000000,0.000000,0.000000,0.000000,CPTY_A
525,2036-04-04,14,0.000000,0.000000,0.000000,0.000000,CPTY_A
526,2036-04-18,14,0.000000,0.000000,0.000000,0.000000,CPTY_A
527,2036-05-02,14,0.000000,0.000000,0.000000,0.000000,CPTY_A
528,2036-05-16,14,0.000000,0.000000,0.000000,0.000000,CPTY_A
529,2036-05-30,14,0.000000,0.000000,0.000000,0.000000,CPTY_A
530,2036-06-13,14,0.000000,0.000000,0.000000,0.000000,CPTY_A
531,2036-06-27,14,0.000000,0.000000,0.000000,0.000000,CPTY_A
532,2036-07-11,14,0.000000,0.000000,0.000000,0.000000,CPTY_A
533,2036-07-25,14,0.000000,0.000000,0.000000,0.000000,CPTY_A
534,2036-08-08,14,0.000000,0.000000,0.000000,0.000000,CPTY_A
535,2036-08-22,14,0.000000,0.000000,0.000000,0.000000,CPTY_A
536,2036-09-05,14,0.000000,0.000000,0.000000,0.000000,CPTY_A
537,2036-09-19,14,0.000000,0.000000,0.000000,0.000000,CPTY_A
538,2036-10-03,14,0.000000,0.000000,0.000000,0.000000,CPTY_A
