#TimeStep,Date,DaysInPeriod,ZeroOrderDIM,AverageDIM,AverageFLOW,SimpleDIM,NettingSet
0,2016-02-19,14,83884.086214,83983.977588,0.000000,72444.271289,CPTY_A
1,2016-03-04,14,84628.871575,84687.724529,0.000000,99254.038432,CPTY_A
2,2016-03-18,14,80227.522939,80324.948297,0.000000,90406.022717,CPTY_A
3,2016-04-01,14,93983.106570,94051.665112,0.000000,108975.156244,CPTY_A
4,2016-04-15,14,72591.078603,72828.112359,0.000000,72890.312273,CPTY_A
5,2016-04-29,14,79939.739751,79945.073420,0.000000,97807.334240,CPTY_A
6,2016-05-13,14,74993.994752,75035.837055,0.000000,66644.502708,CPTY_A
7,2016-05-27,14,85795.751610,85796.444669,0.000000,85870.730647,CPTY_A
8,2016-06-10,14,96599.945793,96988.855132,0.000000,146375.837703,CPTY_A
9,2016-06-24,14,79984.262045,80062.552576,0.000000,83512.743466,CPTY_A
10,2016-07-08,14,93596.373975,93709.808625,0.000000,120122.689749,CPTY_A
11,2016-07-22,14,71528.369916,71547.995727,0.000000,63314.658578,CPTY_A
12,2016-08-05,14,80088.128136,80232.810963,0.000000,73212.826074,CPTY_A
13,2016-08-19,14,85771.106547,85857.699805,0.000000,112077.211829,CPTY_A
14,2016-09-02,14,78839.534992,79161.515838,0.000000,91071.193813,CPTY_A
15,2016-09-16,14,74137.041728,74329.132337,0.000000,80052.907174,CPTY_A
16,2016-09-30,14,78836.982577,78839.213769,0.000000,72624.615541,CPTY_A
17,2016-10-14,14,87275.908335,88039.133217,0.000000,92298.034700,CPTY_A
18,2016-10-28,17,81105.653420,81514.221049,0.000000,55901.218696,CPTY_A
19,2016-11-14,11,74807.404080,74808.342172,0.000000,106051.295179,CPTY_A
20,2016-11-25,14,91281.548655,91417.468543,0.000000,127713.433625,CPTY_A
21,2016-12-09,14,78368.458708,78374.801682,0.000000,84134.649175,CPTY_A
22,2016-12-23,14,93972.065482,93975.164261,0.000000,128417.934339,CPTY_A
23,2017-01-06,14,93488.225415,93854.761231,0.000000,143121.195417,CPTY_A
24,2017-01-20,14,76253.519110,76270.635668,0.000000,71894.418558,CPTY_A
25,2017-02-03,14,93724.842532,94310.807720,0.000000,107330.858912,CPTY_A
26,2017-02-17,14,75467.107973,75786.912688,0.000000,72966.249898,CPTY_A
27,2017-03-03,14,88906.836603,88969.139946,0.000000,90454.139115,CPTY_A
28,2017-03-17,14,86560.708198,86659.647267,0.000000,118764.273644,CPTY_A
29,2017-03-31,18,89381.480947,89387.906760,0.000000,82352.057170,CPTY_A
30,2017-04-18,10,78726.612441,78733.349288,0.000000,93446.798705,CPTY_A
31,2017-04-28,14,78122.777552,78125.086688,0.000000,92677.705642,CPTY_A
32,2017-05-12,14,78258.884074,80073.636791,0.000000,77375.965848,CPTY_A
33,2017-05-26,14,79655.398924,80544.477533,0.000000,69903.602575,CPTY_A
34,2017-06-09,14,84392.051202,84414.832446,0.000000,87339.940540,CPTY_A
35,2017-06-23,14,86828.898456,87063.873059,0.000000,108157.167435,CPTY_A
36,2017-07-07,14,78789.318267,78795.278292,0.000000,78468.790010,CPTY_A
37,2017-07-21,14,83590.080545,83689.340646,0.000000,91542.780795,CPTY_A
38,2017-08-04,14,109851.417495,110600.583912,0.000000,132548.455264,CPTY_A
39,2017-08-18,14,87813.502458,87813.599090,0.000000,102559.700236,CPTY_A
40,2017-09-01,14,99896.279843,99897.041673,0.000000,97097.061045,CPTY_A
41,2017-09-15,14,90615.357529,90644.307341,0.000000,84873.698941,CPTY_A
42,2017-09-29,14,70661.700025,70666.203754,0.000000,68902.478484,CPTY_A
43,2017-10-13,14,85353.225920,85382.025106,0.000000,128295.118513,CPTY_A
44,2017-10-27,17,86199.737232,86629.907896,0.000000,69962.125779,CPTY_A
45,2017-11-13,11,86599.522874,87014.287351,0.000000,84040.242156,CPTY_A
46,2017-11-24,14,88143.898915,89043.621442,0.000000,101143.633049,CPTY_A
47,2017-12-08,14,87017.390892,87154.633110,0.000000,124389.327235,CPTY_A
48,2017-12-22,14,95262.405725,95312.570868,0.000000,138389.953661,CPTY_A
49,2018-01-05,14,94355.477804,95084.557600,0.000000,76475.644430,CPTY_A
50,2018-01-19,14,103508.235574,103608.534645,0.000000,128342.330678,CPTY_A
51,2018-02-02,14,95047.400697,95157.710779,0.000000,154943.214077,CPTY_A
52,2018-02-16,14,83557.802939,83876.863356,0.000000,130464.535611,CPTY_A
53,2018-03-02,14,122834.087341,122916.028151,0.000000,186068.297238,CPTY_A
54,2018-03-16,18,79237.822395,79341.776939,0.000000,106566.051646,CPTY_A
55,2018-04-03,10,82444.372422,82899.765584,0.000000,95548.228725,CPTY_A
56,2018-04-13,14,92910.856738,93143.783562,0.000000,116592.273229,CPTY_A
57,2018-04-27,14,68782.567086,69306.124226,0.000000,50705.201276,CPTY_A
58,2018-05-11,14,74874.332933,75370.000876,0.000000,83708.299311,CPTY_A
59,2018-05-25,14,73164.126693,73228.224958,0.000000,91272.781618,CPTY_A
60,2018-06-08,14,87645.072760,87943.343403,0.000000,78907.267006,CPTY_A
61,2018-06-22,14,81318.690856,81633.201021,0.000000,99101.137182,CPTY_A
62,2018-07-06,14,77602.453836,77707.652184,0.000000,79761.581035,CPTY_A
63,2018-07-20,14,99087.546266,99204.365010,0.000000,128297.639522,CPTY_A
64,2018-08-03,14,83746.347285,83753.117891,0.000000,81377.409010,CPTY_A
65,2018-08-17,14,68219.594999,68325.520733,0.000000,71681.364905,CPTY_A
66,2018-08-31,14,105421.692236,105450.764240,0.000000,193155.380883,CPTY_A
67,2018-09-14,14,71180.301723,71280.691689,0.000000,64691.956537,CPTY_A
68,2018-09-28,14,87471.966784,87637.415998,0.000000,102470.545045,CPTY_A
69,2018-10-12,14,101371.692547,101699.291484,0.000000,195835.414095,CPTY_A
70,2018-10-26,14,87259.843551,87447.767801,0.000000,131939.523063,CPTY_A
71,2018-11-09,14,78085.998988,78524.509513,0.000000,95359.818716,CPTY_A
72,2018-11-23,14,85590.943054,85822.699870,0.000000,125869.830624,CPTY_A
73,2018-12-07,14,77131.201759,78024.208701,0.000000,99948.675428,CPTY_A
74,2018-12-21,14,93113.240387,93369.921503,0.000000,98653.231570,CPTY_A
75,2019-01-04,14,77378.803176,78589.870374,0.000000,76158.012872,CPTY_A
76,2019-01-18,14,77736.275779,77808.582212,0.000000,89996.945720,CPTY_A
77,2019-02-01,14,87263.777323,87623.821250,0.000000,126598.108297,CPTY_A
78,2019-02-15,14,112450.769114,112595.165030,0.000000,219647.191714,CPTY_A
79,2019-03-01,14,79835.313102,80001.964909,0.000000,101167.163719,CPTY_A
80,2019-03-15,14,94083.635164,94238.430165,0.000000,124716.070741,CPTY_A
81,2019-03-29,14,93499.645767,94389.908800,0.000000,192911.282065,CPTY_A
82,2019-04-12,14,108160.157251,108386.377655,0.000000,144275.122527,CPTY_A
83,2019-04-26,14,102875.864364,102995.058559,0.000000,181468.057760,CPTY_A
84,2019-05-10,14,75958.773008,76737.683542,0.000000,69306.010790,CPTY_A
85,2019-05-24,14,108420.731248,108839.782183,0.000000,101113.622506,CPTY_A
86,2019-06-07,14,102256.080682,102575.708042,0.000000,82326.472687,CPTY_A
87,2019-06-21,14,87272.839316,87474.352879,0.000000,78295.389686,CPTY_A
88,2019-07-05,14,115987.639085,116522.709140,0.000000,162541.878416,CPTY_A
89,2019-07-19,14,99124.438847,99158.514509,0.000000,114911.607555,CPTY_A
90,2019-08-02,14,86198.053600,86507.019634,0.000000,99193.136525,CPTY_A
91,2019-08-16,14,110061.940646,110414.693307,0.000000,242178.368767,CPTY_A
92,2019-08-30,14,98560.721007,98571.102107,0.000000,115172.734740,CPTY_A
93,2019-09-13,14,97547.135454,97559.425738,0.000000,128510.315249,CPTY_A
94,2019-09-27,14,85455.737085,85516.734201,0.000000,103739.365860,CPTY_A
95,2019-10-11,14,101983.493764,105643.717364,0.000000,159015.209676,CPTY_A
96,2019-10-25,14,78714.832344,78859.038556,0.000000,92861.244218,CPTY_A
97,2019-11-08,14,96636.162810,96752.218530,0.000000,159809.914124,CPTY_A
98,2019-11-22,14,100852.380828,101462.682924,0.000000,89340.304671,CPTY_A
99,2019-12-06,14,78778.865420,78890.050765,0.000000,83878.648746,CPTY_A
100,2019-12-20,14,87656.182783,87667.159587,0.000000,106021.200021,CPTY_A
101,2020-01-03,14,106467.607233,106626.019665,0.000000,122312.430235,CPTY_A
102,2020-01-17,14,107526.932392,107766.842177,0.000000,144333.443986,CPTY_A
103,2020-01-31,14,95433.519004,95830.767232,0.000000,158593.807666,CPTY_A
104,2020-02-14,14,103460.413845,104345.203030,0.000000,146300.181755,CPTY_A
105,2020-02-28,14,92329.343470,92359.783089,0.000000,124671.911081,CPTY_A
106,2020-03-13,14,113546.937556,113685.631255,0.000000,137076.471926,CPTY_A
107,2020-03-27,18,100732.188044,101089.372007,0.000000,100980.667514,CPTY_A
108,2020-04-14,10,107037.795784,107671.664620,0.000000,120062.283349,CPTY_A
109,2020-04-24,17,102204.495195,102607.512914,0.000000,83429.773856,CPTY_A
110,2020-05-11,11,105292.024121,105446.967162,0.000000,143952.269200,CPTY_A
111,2020-05-22,14,85039.637220,85352.306248,0.000000,118733.732703,CPTY_A
112,2020-06-05,14,100950.475000,101064.481938,0.000000,149145.720650,CPTY_A
113,2020-06-19,17,80897.839076,81181.509238,0.000000,113557.743847,CPTY_A
114,2020-07-06,11,107510.537928,108175.675927,0.000000,100965.293114,CPTY_A
115,2020-07-17,14,98191.459021,98192.226791,0.000000,132592.063690,CPTY_A
116,2020-07-31,14,72066.707204,72213.718563,0.000000,73354.959237,CPTY_A
117,2020-08-14,14,80546.488734,80582.298338,0.000000,100600.154843,CPTY_A
118,2020-08-28,14,77841.821847,77882.882297,0.000000,70050.454086,CPTY_A
119,2020-09-11,14,107886.966697,108197.285215,0.000000,204653.870594,CPTY_A
120,2020-09-25,14,98084.409433,98191.609065,0.000000,156354.251488,CPTY_A
121,2020-10-09,14,89259.166590,89321.339958,0.000000,169970.925352,CPTY_A
122,2020-10-23,14,77808.724775,78575.424606,0.000000,108017.691870,CPTY_A
123,2020-11-06,14,99490.330445,99702.202908,0.000000,144403.680454,CPTY_A
124,2020-11-20,14,77691.504069,78013.303992,0.000000,94164.733301,CPTY_A
125,2020-12-04,14,106522.002109,107582.792128,0.000000,139627.030501,CPTY_A
126,2020-12-18,17,79621.797100,80166.394499,0.000000,95838.675559,CPTY_A
127,2021-01-04,11,95937.349543,97345.344405,0.000000,109462.669110,CPTY_A
128,2021-01-15,14,93109.050233,93690.123205,0.000000,97568.280874,CPTY_A
129,2021-01-29,14,90027.954339,90309.485177,0.000000,96464.084542,CPTY_A
130,2021-02-12,14,105935.635939,106211.203629,0.000000,128057.728671,CPTY_A
131,2021-02-26,14,75536.759493,75870.774804,0.000000,86361.997636,CPTY_A
132,2021-03-12,14,98621.215728,100359.158255,0.000000,93327.416465,CPTY_A
133,2021-03-26,14,83336.293774,83698.653153,0.000000,86612.679732,CPTY_A
134,2021-04-09,14,69998.306686,70356.992652,0.000000,85644.823189,CPTY_A
135,2021-04-23,14,120462.736552,121052.585891,0.000000,186476.336224,CPTY_A
136,2021-05-07,14,109862.703994,110982.386302,0.000000,125566.748477,CPTY_A
137,2021-05-21,14,87937.851765,87940.252684,0.000000,89279.387016,CPTY_A
138,2021-06-04,14,69754.976838,69763.341230,0.000000,67031.637160,CPTY_A
139,2021-06-18,14,86250.655733,86281.495181,0.000000,108250.970946,CPTY_A
140,2021-07-02,14,83942.733042,83959.969146,0.000000,87499.271164,CPTY_A
141,2021-07-16,14,90466.676177,91829.989954,0.000000,147775.906024,CPTY_A
142,2021-07-30,14,121427.543325,122620.918164,0.000000,178358.944267,CPTY_A
143,2021-08-13,14,102688.252200,104075.466098,0.000000,74321.398031,CPTY_A
144,2021-08-27,14,65003.125462,66636.507825,0.000000,48403.395269,CPTY_A
145,2021-09-10,14,76059.783564,76884.718986,0.000000,77282.641126,CPTY_A
146,2021-09-24,14,75598.801211,76240.509306,0.000000,100379.613295,CPTY_A
147,2021-10-08,14,116560.990806,116819.227602,0.000000,113147.063577,CPTY_A
148,2021-10-22,14,88603.734374,88963.575077,0.000000,100810.132188,CPTY_A
149,2021-11-05,14,95446.978190,96016.806519,0.000000,78720.374796,CPTY_A
150,2021-11-19,14,97964.832133,98148.796752,0.000000,179490.453002,CPTY_A
151,2021-12-03,14,82868.353490,83277.947694,0.000000,123922.116824,CPTY_A
152,2021-12-17,18,82676.132189,84043.129836,0.000000,90584.824075,CPTY_A
153,2022-01-04,10,75793.401714,75830.620039,0.000000,96484.125186,CPTY_A
154,2022-01-14,14,87471.730040,87872.228344,0.000000,54445.349668,CPTY_A
155,2022-01-28,14,90533.445782,90859.582071,0.000000,114076.811165,CPTY_A
156,2022-02-11,14,80564.920170,80571.764223,0.000000,97254.859499,CPTY_A
157,2022-02-25,14,89190.237665,89298.376313,0.000000,97664.624807,CPTY_A
158,2022-03-11,14,81320.360940,81320.369122,0.000000,156610.136252,CPTY_A
159,2022-03-25,14,94721.255565,96653.818377,0.000000,149376.941426,CPTY_A
160,2022-04-08,14,82339.886298,84731.800132,0.000000,87267.438236,CPTY_A
161,2022-04-22,14,109821.115642,110938.177021,0.000000,153487.334748,CPTY_A
162,2022-05-06,14,90129.904745,90606.009315,0.000000,116006.570563,CPTY_A
163,2022-05-20,14,67422.153862,67526.987403,0.000000,57487.743342,CPTY_A
164,2022-06-03,14,91899.088330,92021.033323,0.000000,199880.939799,CPTY_A
165,2022-06-17,14,97665.979385,97689.491837,0.000000,121075.879929,CPTY_A
166,2022-07-01,14,89053.513042,91052.082703,0.000000,117828.732669,CPTY_A
167,2022-07-15,14,82579.100711,82994.269655,0.000000,104988.514287,CPTY_A
168,2022-07-29,14,62452.453331,63446.945554,0.000000,78381.548175,CPTY_A
169,2022-08-12,14,79716.445569,80005.135027,0.000000,139865.161197,CPTY_A
170,2022-08-26,14,87518.991656,88451.737861,0.000000,118299.989279,CPTY_A
171,2022-09-09,14,72930.375728,72981.754379,0.000000,98535.103491,CPTY_A
172,2022-09-23,14,67798.443075,68008.815414,0.000000,94716.087531,CPTY_A
173,2022-10-07,14,115675.719181,116219.001311,0.000000,152053.578442,CPTY_A
174,2022-10-21,14,83678.039490,83856.978124,0.000000,109990.629546,CPTY_A
175,2022-11-04,14,86534.832337,86559.218617,0.000000,86180.370678,CPTY_A
176,2022-11-18,14,87850.746864,87875.821820,0.000000,126522.648794,CPTY_A
177,2022-12-02,14,92179.152669,92220.409651,0.000000,128072.646352,CPTY_A
178,2022-12-16,14,88558.165692,88565.136552,0.000000,96528.181212,CPTY_A
179,2022-12-30,14,75651.204555,75924.707980,0.000000,137951.091761,CPTY_A
180,2023-01-13,14,82604.122625,83446.728593,0.000000,83274.251592,CPTY_A
181,2023-01-27,14,83151.177840,83405.079903,0.000000,90434.506084,CPTY_A
182,2023-02-10,14,89983.033821,90101.210281,0.000000,178843.025773,CPTY_A
183,2023-02-24,14,82103.223573,82308.000642,0.000000,97901.566566,CPTY_A
184,2023-03-10,14,86696.730328,88694.769683,0.000000,162821.164935,CPTY_A
185,2023-03-24,18,81780.338535,81852.831062,0.000000,92291.449451,CPTY_A
186,2023-04-11,10,87110.061950,87193.000739,0.000000,85517.606499,CPTY_A
187,2023-04-21,14,73868.244279,74130.288497,0.000000,67253.763217,CPTY_A
188,2023-05-05,14,81035.298852,81168.815798,0.000000,80046.331733,CPTY_A
189,2023-05-19,14,89984.450396,90149.433335,0.000000,147356.342947,CPTY_A
190,2023-06-02,14,105124.577929,105215.279499,0.000000,192109.165810,CPTY_A
191,2023-06-16,14,82732.688569,82902.587735,0.000000,85584.961413,CPTY_A
192,2023-06-30,14,79009.268899,79180.175052,0.000000,104369.214941,CPTY_A
193,2023-07-14,14,87106.594009,87235.116220,0.000000,68488.016283,CPTY_A
194,2023-07-28,14,80751.801841,81184.248544,0.000000,84943.130825,CPTY_A
195,2023-08-11,14,81318.764969,81332.706206,0.000000,103783.645986,CPTY_A
196,2023-08-25,14,98967.851298,98968.450466,0.000000,115488.700393,CPTY_A
197,2023-09-08,14,84896.552481,85154.395374,0.000000,98435.433850,CPTY_A
198,2023-09-22,14,90075.651705,93404.308771,0.000000,143415.073935,CPTY_A
199,2023-10-06,14,74442.539037,74970.469954,0.000000,57413.729962,CPTY_A
200,2023-10-20,14,99183.287216,99209.158375,0.000000,123488.949249,CPTY_A
201,2023-11-03,14,112824.409759,112954.660749,0.000000,157534.667117,CPTY_A
202,2023-11-17,14,80985.641235,81518.892648,0.000000,136841.826600,CPTY_A
203,2023-12-01,14,72931.718373,73311.821993,0.000000,91632.349297,CPTY_A
204,2023-12-15,14,104054.495907,104231.222275,0.000000,89776.651948,CPTY_A
205,2023-12-29,14,88074.254056,89649.369788,0.000000,107223.375227,CPTY_A
206,2024-01-12,14,82788.790117,82846.602963,0.000000,124041.843906,CPTY_A
207,2024-01-26,14,82994.693387,84663.021332,0.000000,123088.533571,CPTY_A
208,2024-02-09,14,96715.346981,97825.979184,0.000000,167597.878833,CPTY_A
209,2024-02-23,14,72093.020993,72099.309697,0.000000,67727.873012,CPTY_A
210,2024-03-08,14,97419.175934,98174.738251,0.000000,100440.405884,CPTY_A
211,2024-03-22,14,89728.277326,90383.468175,0.000000,112780.899757,CPTY_A
212,2024-04-05,14,90094.829407,90408.239454,0.000000,129340.913352,CPTY_A
213,2024-04-19,14,71845.194813,72147.007564,0.000000,133870.025433,CPTY_A
214,2024-05-03,14,107600.716751,107630.318605,0.000000,131703.255866,CPTY_A
215,2024-05-17,14,90701.962933,91152.755475,0.000000,81180.160239,CPTY_A
216,2024-05-31,14,117797.099725,117809.975526,0.000000,172970.649175,CPTY_A
217,2024-06-14,14,76251.686496,76483.730837,0.000000,99659.421978,CPTY_A
218,2024-06-28,14,75262.241327,75355.489944,0.000000,79377.350451,CPTY_A
219,2024-07-12,14,82812.547020,83085.028352,0.000000,127149.379234,CPTY_A
220,2024-07-26,14,106143.031219,106242.854023,0.000000,107370.798896,CPTY_A
221,2024-08-09,14,104267.235744,104370.568322,0.000000,140145.258496,CPTY_A
222,2024-08-23,14,88443.628239,88682.519427,0.000000,179164.951851,CPTY_A
223,2024-09-06,14,101469.514667,101564.544962,0.000000,130794.783479,CPTY_A
224,2024-09-20,14,86126.976888,86487.857949,0.000000,88633.441962,CPTY_A
225,2024-10-04,14,88542.417135,88547.656493,0.000000,147082.752573,CPTY_A
226,2024-10-18,14,103709.263865,103714.600598,0.000000,140563.754131,CPTY_A
227,2024-11-01,14,84427.881391,84994.856431,0.000000,107140.233773,CPTY_A
228,2024-11-15,14,81366.427266,81368.537929,0.000000,79317.410351,CPTY_A
229,2024-11-29,14,107263.228855,108557.108831,0.000000,186046.231555,CPTY_A
230,2024-12-13,14,105972.464538,106145.724050,0.000000,110674.666541,CPTY_A
231,2024-12-27,14,100820.983346,100836.785673,0.000000,146964.018206,CPTY_A
232,2025-01-10,14,81966.268203,82301.495750,0.000000,94693.098291,CPTY_A
233,2025-01-24,14,132503.400202,132745.796909,0.000000,165855.377605,CPTY_A
234,2025-02-07,14,72943.734408,74328.942537,0.000000,103022.552858,CPTY_A
235,2025-02-21,14,92224.614311,92227.558475,0.000000,163003.085563,CPTY_A
236,2025-03-07,14,89353.560263,89530.172343,0.000000,149522.758260,CPTY_A
237,2025-03-21,14,103912.598170,103987.933543,0.000000,163350.518189,CPTY_A
238,2025-04-04,18,89968.421215,89975.378592,0.000000,112295.394109,CPTY_A
239,2025-04-22,10,78237.815801,78297.773904,0.000000,104822.722642,CPTY_A
240,2025-05-02,14,110490.049115,110523.961134,0.000000,133621.024235,CPTY_A
241,2025-05-16,14,98798.445699,99576.118888,0.000000,135991.020580,CPTY_A
242,2025-05-30,14,86045.715338,86046.171791,0.000000,91027.032958,CPTY_A
243,2025-06-13,14,113471.337791,113504.028438,0.000000,156947.536988,CPTY_A
244,2025-06-27,14,83186.463278,83195.812686,0.000000,79265.357469,CPTY_A
245,2025-07-11,14,96328.785867,96771.602413,0.000000,124557.346203,CPTY_A
246,2025-07-25,14,100373.706179,101539.480439,0.000000,166438.582366,CPTY_A
247,2025-08-08,14,95070.370422,95117.276702,0.000000,92106.781477,CPTY_A
248,2025-08-22,14,107277.205614,107977.189233,0.000000,122547.007496,CPTY_A
249,2025-09-05,14,98891.288631,98912.208848,0.000000,152704.818276,CPTY_A
250,2025-09-19,14,109199.664467,109406.498248,0.000000,152927.730792,CPTY_A
251,2025-10-03,14,105785.333105,105785.599931,0.000000,148360.071202,CPTY_A
252,2025-10-17,14,79847.163096,79848.247022,0.000000,107853.409405,CPTY_A
253,2025-10-31,14,86181.833773,86479.085155,0.000000,73185.888881,CPTY_A
254,2025-11-14,14,105557.974031,105657.642345,0.000000,195611.961859,CPTY_A
255,2025-11-28,14,96195.952993,96238.670444,0.000000,141056.377555,CPTY_A
256,2025-12-12,17,76188.183013,76195.477937,0.000000,129820.924957,CPTY_A
257,2025-12-29,11,72091.313217,72092.378836,0.000000,76083.779610,CPTY_A
258,2026-01-09,14,90049.815771,90070.941045,0.000000,130940.883495,CPTY_A
259,2026-01-23,14,89350.996738,90029.570348,0.000000,120889.020648,CPTY_A
260,2026-02-06,14,97718.640695,97909.544350,0.000000,162498.057576,CPTY_A
261,2026-02-20,14,129916.493742,130087.520384,0.000000,179468.676260,CPTY_A
262,2026-03-06,14,118368.330633,118374.129477,0.000000,191630.555782,CPTY_A
263,2026-03-20,18,113037.151817,113207.102151,0.000000,109693.941379,CPTY_A
264,2026-04-07,10,111451.969473,112835.719397,0.000000,98985.925415,CPTY_A
265,2026-04-17,18,131831.017194,131885.795318,0.000000,218438.168675,CPTY_A
266,2026-05-05,10,103562.014175,103919.728560,0.000000,114874.059531,CPTY_A
267,2026-05-15,14,69936.212305,69963.660794,0.000000,86015.327656,CPTY_A
268,2026-05-29,14,100744.531102,100744.612653,0.000000,122969.051725,CPTY_A
269,2026-06-12,14,85305.366485,87672.708058,0.000000,81740.512154,CPTY_A
270,2026-06-26,14,105151.066218,105661.787292,0.000000,145188.510185,CPTY_A
271,2026-07-10,14,138472.864524,138972.002449,0.000000,194088.283546,CPTY_A
272,2026-07-24,14,113026.619442,113029.487880,0.000000,183347.315999,CPTY_A
273,2026-08-07,14,73840.824052,73976.600055,0.000000,103206.613150,CPTY_A
274,2026-08-21,14,91661.916671,92105.224158,0.000000,126550.395200,CPTY_A
275,2026-09-04,14,108759.928745,108884.749563,0.000000,147866.166025,CPTY_A
276,2026-09-18,14,89009.986500,89189.423144,0.000000,94362.718069,CPTY_A
277,2026-10-02,14,98146.303360,100410.021475,0.000000,161078.101763,CPTY_A
278,2026-10-16,14,103012.578027,103102.094019,0.000000,122734.643221,CPTY_A
279,2026-10-30,14,66378.459969,68354.397873,0.000000,134177.100749,CPTY_A
280,2026-11-13,14,111714.108562,112511.338120,0.000000,181200.454709,CPTY_A
281,2026-11-27,14,102460.046226,103069.453347,0.000000,118928.698240,CPTY_A
282,2026-12-11,18,73603.486205,74601.037527,0.000000,88511.614635,CPTY_A
283,2026-12-29,10,103151.758189,103991.678419,0.000000,98536.608565,CPTY_A
284,2027-01-08,14,76660.865242,76756.647854,0.000000,72176.397080,CPTY_A
285,2027-01-22,14,96301.435178,96802.269758,0.000000,94042.118098,CPTY_A
286,2027-02-05,14,94760.482109,95123.284219,0.000000,178941.920335,CPTY_A
287,2027-02-19,14,75856.020825,79187.122292,-11482.869204,96304.215269,CPTY_A
288,2027-03-05,14,89288.497397,89317.009035,0.000000,109934.800973,CPTY_A
289,2027-03-19,14,70683.952573,70914.971177,0.000000,80600.867220,CPTY_A
290,2027-04-02,14,90405.974766,90516.760716,0.000000,164833.799022,CPTY_A
291,2027-04-16,14,90869.834316,90890.623492,0.000000,124522.432122,CPTY_A
292,2027-04-30,14,77895.749177,77988.143504,0.000000,116427.589862,CPTY_A
293,2027-05-14,14,86068.829505,86412.479977,0.000000,107733.017838,CPTY_A
294,2027-05-28,14,65310.153756,66688.612652,0.000000,85721.316404,CPTY_A
295,2027-06-11,14,70228.782833,71913.968734,0.000000,144102.426987,CPTY_A
296,2027-06-25,14,84906.495266,85685.991518,0.000000,136523.129681,CPTY_A
297,2027-07-09,14,92693.447101,93053.282498,0.000000,79442.598178,CPTY_A
298,2027-07-23,14,97919.969001,97936.580574,0.000000,116318.653270,CPTY_A
299,2027-08-06,14,91151.681090,91153.016302,0.000000,107025.445848,CPTY_A
300,2027-08-20,14,92911.563002,92942.068255,-12592.437432,120587.665315,CPTY_A
301,2027-09-03,14,67582.605773,67902.047807,0.000000,91179.575276,CPTY_A
302,2027-09-17,14,86397.297975,86593.949122,0.000000,97214.737908,CPTY_A
303,2027-10-01,14,64178.862600,64804.934933,0.000000,70596.624466,CPTY_A
304,2027-10-15,14,77053.071817,77102.006023,0.000000,113312.280786,CPTY_A
305,2027-10-29,14,79106.951939,79112.416721,0.000000,134776.384460,CPTY_A
306,2027-11-12,14,86234.463641,87200.536361,0.000000,156523.558041,CPTY_A
307,2027-11-26,14,57069.313834,57135.001325,0.000000,80712.078621,CPTY_A
308,2027-12-10,19,70192.938647,70253.949800,0.000000,107566.650645,CPTY_A
309,2027-12-29,9,113740.817537,113943.681209,0.000000,175029.735667,CPTY_A
310,2028-01-07,14,78941.442921,79510.663401,0.000000,96850.974054,CPTY_A
311,2028-01-21,14,85204.078329,88752.477885,0.000000,57755.858648,CPTY_A
312,2028-02-04,14,93593.939417,93600.456497,0.000000,136742.323397,CPTY_A
313,2028-02-18,14,74426.810402,74493.376190,55954.796484,103696.542926,CPTY_A
314,2028-03-03,14,60735.640712,61282.427837,0.000000,93917.205074,CPTY_A
315,2028-03-17,14,96207.502115,96256.437156,0.000000,113311.471229,CPTY_A
316,2028-03-31,18,59897.323051,61062.785208,0.000000,80673.511407,CPTY_A
317,2028-04-18,10,88005.684148,88147.004804,0.000000,99845.469467,CPTY_A
318,2028-04-28,14,71089.402203,71892.076645,0.000000,81520.514344,CPTY_A
319,2028-05-12,14,63541.088381,64179.105717,0.000000,65220.364041,CPTY_A
320,2028-05-26,14,61483.881679,61527.056994,0.000000,91172.420451,CPTY_A
321,2028-06-09,14,60153.130036,60213.563140,0.000000,88908.421841,CPTY_A
322,2028-06-23,14,90071.287249,93241.303294,0.000000,123153.664703,CPTY_A
323,2028-07-07,14,66672.233604,66708.476599,0.000000,70803.830139,CPTY_A
324,2028-07-21,14,78237.183853,78936.563630,0.000000,81993.695306,CPTY_A
325,2028-08-04,14,87725.532955,87795.452095,0.000000,97892.112820,CPTY_A
326,2028-08-18,14,74253.766851,74271.150384,-12427.667646,165658.614449,CPTY_A
327,2028-09-01,14,92565.834006,92680.559756,0.000000,120651.520302,CPTY_A
328,2028-09-15,14,55034.180945,55282.823254,0.000000,89840.501456,CPTY_A
329,2028-09-29,14,59108.230934,59113.398090,0.000000,110965.353872,CPTY_A
330,2028-10-13,14,72595.369989,72607.784519,0.000000,80102.542717,CPTY_A
331,2028-10-27,17,45654.313347,45816.194063,0.000000,49328.737408,CPTY_A
332,2028-11-13,11,71031.642130,71091.374893,0.000000,94266.703094,CPTY_A
333,2028-11-24,14,65873.731842,65894.380110,0.000000,92476.079897,CPTY_A
334,2028-12-08,14,68780.583439,68970.858989,0.000000,145838.270061,CPTY_A
335,2028-12-22,14,66573.574349,66603.450997,0.000000,95358.164807,CPTY_A
336,2029-01-05,14,45574.649172,45627.135448,0.000000,63814.384036,CPTY_A
337,2029-01-19,14,63456.061963,63456.124490,0.000000,80888.951487,CPTY_A
338,2029-02-02,14,52386.019721,52393.540663,0.000000,68717.379235,CPTY_A
339,2029-02-16,14,74753.667108,76298.676649,53975.289375,129129.604884,CPTY_A
340,2029-03-02,14,70619.574720,71989.299804,0.000000,89326.757651,CPTY_A
341,2029-03-16,18,63162.020300,63306.964526,0.000000,78263.066312,CPTY_A
342,2029-04-03,10,53100.064506,53164.621133,0.000000,82423.643039,CPTY_A
343,2029-04-13,14,62316.957497,62324.048731,0.000000,105947.306309,CPTY_A
344,2029-04-27,14,63761.590503,63968.917433,0.000000,87650.459474,CPTY_A
345,2029-05-11,14,76394.038543,76647.760912,0.000000,142894.936540,CPTY_A
346,2029-05-25,14,66579.789374,66870.661111,0.000000,96474.411937,CPTY_A
347,2029-06-08,14,58170.956630,58468.859060,0.000000,99528.078463,CPTY_A
348,2029-06-22,14,63102.516645,63264.123829,0.000000,70736.240527,CPTY_A
349,2029-07-06,14,60668.895104,60841.149063,0.000000,86840.204995,CPTY_A
350,2029-07-20,14,61617.916588,62144.908508,0.000000,98003.385554,CPTY_A
351,2029-08-03,14,69225.647903,70427.926089,0.000000,89265.650433,CPTY_A
352,2029-08-17,14,60705.305293,61035.618044,0.000000,95182.549404,CPTY_A
353,2029-08-31,14,56622.364241,56670.498688,-12481.262002,83565.009323,CPTY_A
354,2029-09-14,14,50962.782248,50962.827181,0.000000,83039.479918,CPTY_A
355,2029-09-28,14,66914.089721,66915.583062,0.000000,78261.232270,CPTY_A
356,2029-10-12,14,52882.600304,52890.346480,0.000000,64899.867848,CPTY_A
357,2029-10-26,14,67372.916355,67384.854394,0.000000,114600.924240,CPTY_A
358,2029-11-09,14,56033.403122,56083.521589,0.000000,73461.319392,CPTY_A
359,2029-11-23,14,61953.421725,61972.912422,0.000000,74434.887593,CPTY_A
360,2029-12-07,14,44164.780882,44317.677450,0.000000,63669.556580,CPTY_A
361,2029-12-21,14,54545.378234,54781.661808,0.000000,57075.263988,CPTY_A
362,2030-01-04,14,45151.573157,45379.893630,0.000000,71286.525789,CPTY_A
363,2030-01-18,14,61703.359261,61815.993284,0.000000,90783.650686,CPTY_A
364,2030-02-01,14,64522.527954,64825.893165,0.000000,111352.820388,CPTY_A
365,2030-02-15,14,58990.523979,58990.525623,59066.346250,71919.529400,CPTY_A
366,2030-03-01,14,48584.380206,48924.133973,0.000000,67389.980020,CPTY_A
367,2030-03-15,14,46863.929685,46900.567684,0.000000,64552.919975,CPTY_A
368,2030-03-29,14,44537.833586,44587.961233,0.000000,44598.935651,CPTY_A
369,2030-04-12,14,59536.488597,59542.028377,0.000000,127399.177075,CPTY_A
370,2030-04-26,14,69535.646872,70216.822134,0.000000,84869.434052,CPTY_A
371,2030-05-10,14,59664.523466,60189.993200,0.000000,76639.207296,CPTY_A
372,2030-05-24,14,56215.195625,56277.115204,0.000000,92610.181204,CPTY_A
373,2030-06-07,14,50171.476034,50236.033999,0.000000,90763.137204,CPTY_A
374,2030-06-21,14,67673.381810,67751.221905,0.000000,77734.742248,CPTY_A
375,2030-07-05,14,50499.440627,50625.307430,0.000000,70009.033879,CPTY_A
376,2030-07-19,14,69417.987150,70047.519131,0.000000,125429.078790,CPTY_A
377,2030-08-02,14,42850.774122,43097.084177,0.000000,45312.837142,CPTY_A
378,2030-08-16,14,46915.812400,46932.730204,0.000000,47127.317656,CPTY_A
379,2030-08-30,14,61434.221361,61435.121952,-8902.173633,109822.368240,CPTY_A
380,2030-09-13,14,40944.681732,41577.764015,0.000000,36547.564842,CPTY_A
381,2030-09-27,14,40676.560506,40772.848897,0.000000,56538.644842,CPTY_A
382,2030-10-11,14,36226.413052,36381.799845,0.000000,52526.816794,CPTY_A
383,2030-10-25,14,55255.014372,55255.014695,0.000000,50522.573711,CPTY_A
384,2030-11-08,14,57020.432957,57052.992861,0.000000,70932.997684,CPTY_A
385,2030-11-22,14,47083.019036,47083.230008,0.000000,81295.580081,CPTY_A
386,2030-12-06,14,45241.460813,45282.311631,0.000000,69297.736564,CPTY_A
387,2030-12-20,14,49329.443950,50761.469835,0.000000,64919.951172,CPTY_A
388,2031-01-03,14,37439.355304,40186.198661,0.000000,17224.964456,CPTY_A
389,2031-01-17,14,54754.881566,54775.605050,0.000000,73615.665769,CPTY_A
390,2031-01-31,14,49375.677869,49486.034509,0.000000,72834.439716,CPTY_A
391,2031-02-14,14,52181.492577,52183.992711,0.000000,83647.817919,CPTY_A
392,2031-02-28,14,36040.958832,36042.157318,56738.102969,50420.263565,CPTY_A
393,2031-03-14,14,48588.066321,48938.908318,0.000000,57287.062631,CPTY_A
394,2031-03-28,18,43343.630053,44368.934497,0.000000,58062.295137,CPTY_A
395,2031-04-15,10,48529.740994,49427.643046,0.000000,28295.036299,CPTY_A
396,2031-04-25,14,37508.215925,37543.937048,0.000000,44326.890573,CPTY_A
397,2031-05-09,14,36441.380794,36603.187738,0.000000,42320.574611,CPTY_A
398,2031-05-23,14,48500.808941,48500.916905,0.000000,61756.999936,CPTY_A
399,2031-06-06,14,42521.838544,42637.854277,0.000000,69584.202768,CPTY_A
400,2031-06-20,17,36921.397216,37109.826054,0.000000,40055.687086,CPTY_A
401,2031-07-07,11,49326.850394,50356.457274,0.000000,88420.524519,CPTY_A
402,2031-07-18,17,42245.948737,42347.791702,0.000000,48565.765279,CPTY_A
403,2031-08-04,11,46541.152544,47464.924687,0.000000,53112.417759,CPTY_A
404,2031-08-15,14,38669.417764,39245.259643,0.000000,50024.106978,CPTY_A
405,2031-08-29,14,42837.872400,43108.672794,-10603.015586,47481.987219,CPTY_A
406,2031-09-12,14,38884.051253,38927.357978,0.000000,39517.207286,CPTY_A
407,2031-09-26,14,29957.535023,30049.156910,0.000000,33433.737936,CPTY_A
408,2031-10-10,14,31026.728840,31392.541096,0.000000,42576.785930,CPTY_A
409,2031-10-24,14,31241.279844,31558.681956,0.000000,43827.889323,CPTY_A
410,2031-11-07,14,30345.116939,30347.098486,0.000000,27006.691836,CPTY_A
411,2031-11-21,14,40433.117008,40736.727408,0.000000,52022.316135,CPTY_A
412,2031-12-05,14,35995.649734,36003.788152,0.000000,64088.626804,CPTY_A
413,2031-12-19,17,33714.498889,33872.943614,0.000000,42074.898753,CPTY_A
414,2032-01-05,11,40918.518657,41087.878731,0.000000,77823.270303,CPTY_A
415,2032-01-16,14,33546.841590,33945.933998,0.000000,26650.716601,CPTY_A
416,2032-01-30,14,31780.762098,33382.154033,0.000000,51791.249262,CPTY_A
417,2032-02-13,14,31727.988787,33284.107301,0.000000,19340.025123,CPTY_A
418,2032-02-27,14,19792.893055,19858.665949,52693.030625,30549.997872,CPTY_A
419,2032-03-12,18,41630.189877,41662.186209,0.000000,49461.068406,CPTY_A
420,2032-03-30,10,37977.470457,38001.917249,0.000000,39412.589933,CPTY_A
421,2032-04-09,14,24665.199098,24675.944518,0.000000,25987.366945,CPTY_A
422,2032-04-23,14,29422.491155,29606.965530,0.000000,36334.597351,CPTY_A
423,2032-05-07,14,39243.318055,39254.679474,0.000000,63933.718534,CPTY_A
424,2032-05-21,14,29583.022899,29596.203450,0.000000,29308.930997,CPTY_A
425,2032-06-04,14,35533.455772,35714.597840,0.000000,44992.991891,CPTY_A
426,2032-06-18,14,29026.041399,29591.511088,0.000000,41594.583876,CPTY_A
427,2032-07-02,14,35375.261676,35432.003055,0.000000,40646.238912,CPTY_A
428,2032-07-16,14,25331.947702,25801.845730,0.000000,37408.538417,CPTY_A
429,2032-07-30,14,38079.116589,38107.881445,0.000000,36524.144285,CPTY_A
430,2032-08-13,14,30219.849227,30325.002367,0.000000,39175.360578,CPTY_A
431,2032-08-27,14,25427.427985,25599.919300,-13605.561587,32494.937739,CPTY_A
432,2032-09-10,14,30579.373901,30939.192783,0.000000,25718.333238,CPTY_A
433,2032-09-24,14,21104.630821,21119.707443,0.000000,28293.897088,CPTY_A
434,2032-10-08,14,28455.369637,28646.614546,0.000000,48373.029251,CPTY_A
435,2032-10-22,14,26739.793467,26746.806676,0.000000,32928.412444,CPTY_A
436,2032-11-05,14,19156.897163,19500.355869,0.000000,26438.675693,CPTY_A
437,2032-11-19,14,29524.755165,29537.626489,0.000000,31819.709128,CPTY_A
438,2032-12-03,14,28126.271800,28226.669271,0.000000,32422.789998,CPTY_A
439,2032-12-17,18,28783.042425,28786.811491,0.000000,46431.173050,CPTY_A
440,2033-01-04,10,17465.326297,17553.368423,0.000000,22820.522121,CPTY_A
441,2033-01-14,14,23641.041376,24179.365348,0.000000,40036.335968,CPTY_A
442,2033-01-28,14,24329.748404,25234.821870,0.000000,23213.840393,CPTY_A
443,2033-02-11,14,23900.211334,23995.585222,0.000000,20101.809232,CPTY_A
444,2033-02-25,14,28059.857241,28544.756192,50616.308555,16273.754005,CPTY_A
445,2033-03-11,14,22617.101257,22730.997062,0.000000,23159.069077,CPTY_A
446,2033-03-25,14,20880.260447,20881.924163,0.000000,26873.181513,CPTY_A
447,2033-04-08,14,22805.523104,23117.911251,0.000000,36608.496931,CPTY_A
448,2033-04-22,14,20809.561864,21120.739392,0.000000,34070.095002,CPTY_A
449,2033-05-06,14,19328.648523,19346.957468,0.000000,33335.692183,CPTY_A
450,2033-05-20,14,21181.654320,21280.954370,0.000000,30506.200112,CPTY_A
451,2033-06-03,14,21403.575169,21700.534648,0.000000,31732.488192,CPTY_A
452,2033-06-17,14,26750.521976,26768.560439,0.000000,36121.952054,CPTY_A
453,2033-07-01,14,19185.765998,19291.314365,0.000000,24229.628635,CPTY_A
454,2033-07-15,14,20187.504410,20192.669439,0.000000,37582.692330,CPTY_A
455,2033-07-29,14,28335.161568,28341.237786,0.000000,28962.087899,CPTY_A
456,2033-08-12,14,24125.093275,24519.107747,0.000000,33656.852478,CPTY_A
457,2033-08-26,14,19805.120792,19806.750768,-14529.242061,26705.780089,CPTY_A
458,2033-09-09,14,12168.427891,12245.893906,0.000000,18359.165080,CPTY_A
459,2033-09-23,14,19818.210902,19819.078819,0.000000,28709.246029,CPTY_A
460,2033-10-07,14,19645.322718,19646.525200,0.000000,17786.616720,CPTY_A
461,2033-10-21,14,17147.277388,17168.562024,0.000000,27585.322901,CPTY_A
462,2033-11-04,14,17177.053909,17279.858788,0.000000,25461.687397,CPTY_A
463,2033-11-18,14,20467.515581,20485.799383,0.000000,21882.329476,CPTY_A
464,2033-12-02,14,16727.711263,16771.412276,0.000000,16197.278919,CPTY_A
465,2033-12-16,14,18038.943506,18452.019017,0.000000,24932.439551,CPTY_A
466,2033-12-30,14,15317.062969,15457.621120,0.000000,17613.078846,CPTY_A
467,2034-01-13,14,17222.178731,17250.481798,0.000000,22126.659912,CPTY_A
468,2034-01-27,14,18417.020471,18444.066334,0.000000,32044.701455,CPTY_A
469,2034-02-10,14,11628.479245,11680.371665,0.000000,15986.061008,CPTY_A
470,2034-02-24,14,15801.800597,15850.957058,49081.662676,19895.446291,CPTY_A
471,2034-03-10,14,11411.704616,11439.900366,0.000000,11920.599925,CPTY_A
472,2034-03-24,18,14609.656722,14701.856906,0.000000,17149.308607,CPTY_A
473,2034-04-11,10,14421.000945,14537.641965,0.000000,17305.846440,CPTY_A
474,2034-04-21,14,13096.367830,13196.629047,0.000000,18029.408819,CPTY_A
475,2034-05-05,14,14297.786432,14422.590428,0.000000,14654.363912,CPTY_A
476,2034-05-19,14,13695.779862,13728.515915,0.000000,21032.005216,CPTY_A
477,2034-06-02,14,16269.880760,16327.942724,0.000000,30819.543539,CPTY_A
478,2034-06-16,14,9567.698014,9572.430114,0.000000,8068.875931,CPTY_A
479,2034-06-30,14,15260.093230,15664.577165,0.000000,19863.809410,CPTY_A
480,2034-07-14,14,10725.283072,10814.032248,0.000000,17202.653579,CPTY_A
481,2034-07-28,14,10954.567841,11777.585780,0.000000,18462.403604,CPTY_A
482,2034-08-11,14,12003.265949,12841.378332,0.000000,10917.193186,CPTY_A
483,2034-08-25,14,13975.103450,13983.753069,-15419.670781,20979.477686,CPTY_A
484,2034-09-08,14,10808.123886,10921.624570,0.000000,13179.536830,CPTY_A
485,2034-09-22,14,7397.161981,7399.869963,0.000000,13476.983974,CPTY_A
486,2034-10-06,14,8684.507591,8703.086048,0.000000,11330.550339,CPTY_A
487,2034-10-20,14,8065.260055,8077.162958,0.000000,11098.002987,CPTY_A
488,2034-11-03,14,6475.541651,6690.685441,0.000000,11421.979883,CPTY_A
489,2034-11-17,14,7786.134156,7804.497282,0.000000,10248.408858,CPTY_A
490,2034-12-01,14,6479.294774,6631.643289,0.000000,10568.669028,CPTY_A
491,2034-12-15,14,9415.076529,9690.456456,0.000000,13675.754119,CPTY_A
492,2034-12-29,14,7022.276136,7022.669399,0.000000,8229.165907,CPTY_A
493,2035-01-12,14,9736.663298,9774.346183,0.000000,11914.383989,CPTY_A
494,2035-01-26,14,8721.933282,8733.198825,0.000000,12892.953433,CPTY_A
495,2035-02-09,14,7890.050483,7908.280819,0.000000,13088.914316,CPTY_A
496,2035-02-23,14,10378.422890,10395.783260,46696.555430,13485.654145,CPTY_A
497,2035-03-09,18,4775.046618,4785.673292,0.000000,7572.110942,CPTY_A
498,2035-03-27,10,4435.844088,4436.510139,0.000000,5522.546667,CPTY_A
499,2035-04-06,14,3497.906339,3522.781579,0.000000,3092.890247,CPTY_A
500,2035-04-20,14,3780.273055,3991.283157,0.000000,6821.611485,CPTY_A
501,2035-05-04,14,4327.421862,4460.823062,0.000000,4107.564314,CPTY_A
502,2035-05-18,14,4549.470679,4606.741053,0.000000,3798.344064,CPTY_A
503,2035-06-01,14,3347.682050,3366.949099,0.000000,5510.025845,CPTY_A
504,2035-06-15,14,4268.337337,4268.356247,0.000000,4415.247487,CPTY_A
505,2035-06-29,14,4251.865687,4340.079017,0.000000,3669.989449,CPTY_A
506,2035-07-13,14,2996.971946,3011.049670,0.000000,4321.809397,CPTY_A
507,2035-07-27,14,5774.608629,5785.510683,0.000000,8008.849109,CPTY_A
508,2035-08-10,14,5294.598336,5294.667936,0.000000,5842.463857,CPTY_A
509,2035-08-24,14,3474.948642,3486.945063,-15799.997983,4148.226865,CPTY_A
510,2035-09-07,14,62.220949,67.339136,0.000000,105.561417,CPTY_A
511,2035-09-21,14,86.748629,87.356562,0.000000,91.388905,CPTY_A
512,2035-10-05,14,97.781163,99.964415,0.000000,111.729853,CPTY_A
513,2035-10-19,14,69.837671,80.415930,0.000000,106.190655,CPTY_A
514,2035-11-02,14,73.396788,75.520064,0.000000,73.297297,CPTY_A
515,2035-11-16,14,80.955650,81.776633,0.000000,53.817863,CPTY_A
516,2035-11-30,14,60.807759,63.717773,0.000000,68.648005,CPTY_A
517,2035-12-14,14,55.733057,58.898013,0.000000,62.346418,CPTY_A
518,2035-12-28,14,63.943468,66.218362,0.000000,49.177620,CPTY_A
519,2036-01-11,14,63.125435,65.621205,0.000000,59.839000,CPTY_A
520,2036-01-25,14,68.511344,71.286990,0.000000,56.745167,CPTY_A
521,2036-02-08,14,60.494017,63.763321,0.000000,57.521454,CPTY_A
522,2036-02-22,14,43.118877,45.767898,45154.863164,45.920110,CPTY_A
523,2036-03-07,14,0.000000,0.000000,0.000000,0.000000,CPTY_A
524,2036-03-21,14,0.000000,0.000000,0.000000,0.000000,CPTY_A
525,2036-04-04,14,0.000000,0.000000,0.000000,0.000000,CPTY_A
526,2036-04-18,14,0.000000,0.000000,0.000000,0.000000,CPTY_A
527,2036-05-02,14,0.000000,0.000000,0.000000,0.000000,CPTY_A
528,2036-05-16,14,0.000000,0.000000,0.000000,0.000000,CPTY_A
529,2036-05-30,14,0.000000,0.000000,0.000000,0.000000,CPTY_A
530,2036-06-13,14,0.000000,0.000000,0.000000,0.000000,CPTY_A
531,2036-06-27,14,0.000000,0.000000,0.000000,0.000000,CPTY_A
532,2036-07-11,14,0.000000,0.000000,0.000000,0.000000,CPTY_A
533,2036-07-25,14,0.000000,0.000000,0.000000,0.000000,CPTY_A
534,2036-08-08,14,0.000000,0.000000,0.000000,0.000000,CPTY_A
535,2036-08-22,14,0.000000,0.000000,0.000000,0.000000,CPTY_A
536,2036-09-05,14,0.000000,0.000000,0.000000,0.000000,CPTY_A
537,2036-09-19,14,0.000000,0.000000,0.000000,0.000000,CPTY_A
538,2036-10-03,14,0.000000,0.000000,0.000000,0.000000,CPTY_A
