#TimeStep,Date,DaysInPeriod,ZeroOrderDIM,AverageDIM,AverageFLOW,SimpleDIM,NettingSet,Time
0,2016-02-19,14,83886.023863,83983.476451,0.000000,72446.083536,CPTY_A,0.038251
1,2016-03-04,14,84630.850414,84439.939839,0.000000,99256.630294,CPTY_A,0.076503
2,2016-03-18,14,80229.478550,76798.986911,0.000000,90408.519117,CPTY_A,0.114754
3,2016-04-01,14,93985.337116,93403.707359,0.000000,108978.149758,CPTY_A,0.153005
4,2016-04-15,14,72592.805835,71844.819144,0.000000,72892.213942,CPTY_A,0.191257
5,2016-04-29,14,79941.662453,78865.632973,0.000000,97809.765338,CPTY_A,0.229508
6,2016-05-13,14,74995.693917,74967.558362,0.000000,66646.122997,CPTY_A,0.267760
7,2016-05-27,14,85797.746677,85397.853798,0.000000,85873.278327,CPTY_A,0.306011
8,2016-06-10,14,96602.323537,93177.020587,0.000000,146379.939062,CPTY_A,0.344262
9,2016-06-24,14,79986.113277,79456.362518,0.000000,83514.673750,CPTY_A,0.382514
10,2016-07-08,14,93598.763813,87717.734684,0.000000,120126.467585,CPTY_A,0.420765
11,2016-07-22,14,71530.050586,69839.414697,0.000000,63316.576175,CPTY_A,0.459016
12,2016-08-05,14,80090.157630,74903.645953,0.000000,73215.113179,CPTY_A,0.497268
13,2016-08-19,14,85773.223411,82333.443009,0.000000,112080.034928,CPTY_A,0.535519
14,2016-09-02,14,78841.512212,74503.011885,0.000000,91074.206870,CPTY_A,0.573770
15,2016-09-16,14,74138.781351,72214.384729,0.000000,80055.433865,CPTY_A,0.612022
16,2016-09-30,14,78838.869411,76297.211085,0.000000,72626.352102,CPTY_A,0.650273
17,2016-10-14,14,87278.050563,82785.994560,0.000000,92300.174898,CPTY_A,0.688525
18,2016-10-28,17,81107.557486,79297.274882,0.000000,55902.180037,CPTY_A,0.726776
19,2016-11-14,11,74809.171154,72248.934461,0.000000,106054.817042,CPTY_A,0.773224
20,2016-11-25,14,91283.925983,82929.163403,0.000000,127717.595169,CPTY_A,0.803279
21,2016-12-09,14,78370.455777,71335.929079,0.000000,84137.512739,CPTY_A,0.841530
22,2016-12-23,14,93974.569901,86188.682780,0.000000,128422.084649,CPTY_A,0.879781
23,2017-01-06,14,93490.866744,83560.783736,0.000000,143125.662241,CPTY_A,0.918070
24,2017-01-20,14,76255.259319,74835.877967,0.000000,71896.791562,CPTY_A,0.956426
25,2017-02-03,14,93727.126355,90042.420387,0.000000,107334.009897,CPTY_A,0.994783
26,2017-02-17,14,75469.049791,69348.041863,0.000000,72968.677325,CPTY_A,1.033139
27,2017-03-03,14,88909.217987,81216.674115,0.000000,90457.284451,CPTY_A,1.071495
28,2017-03-17,14,86563.073021,79148.191903,0.000000,118768.038768,CPTY_A,1.109851
29,2017-03-31,18,89383.757110,83645.786319,0.000000,82354.351878,CPTY_A,1.148207
30,2017-04-18,10,78728.422565,77906.838899,0.000000,93449.022014,CPTY_A,1.197522
31,2017-04-28,14,78124.704385,73255.186591,0.000000,92680.444993,CPTY_A,1.224920
32,2017-05-12,14,78260.802182,74350.276323,0.000000,77377.987470,CPTY_A,1.263276
33,2017-05-26,14,79657.435623,74514.401704,0.000000,69905.836856,CPTY_A,1.301632
34,2017-06-09,14,84394.237585,77893.803222,0.000000,87342.321461,CPTY_A,1.339988
35,2017-06-23,14,86831.283952,78546.478011,0.000000,108160.768964,CPTY_A,1.378344
36,2017-07-07,14,78791.295489,73630.100378,0.000000,78470.689801,CPTY_A,1.416700
37,2017-07-21,14,83592.320437,75533.672429,0.000000,91545.670070,CPTY_A,1.455057
38,2017-08-04,14,109854.557042,97848.335312,0.000000,132553.123270,CPTY_A,1.493413
39,2017-08-18,14,87815.874046,79721.343954,0.000000,102563.051547,CPTY_A,1.531769
40,2017-09-01,14,99899.342098,85224.361047,0.000000,97100.277950,CPTY_A,1.570125
41,2017-09-15,14,90617.730366,84187.349201,0.000000,84876.207113,CPTY_A,1.608481
42,2017-09-29,14,70663.513080,65529.162919,0.000000,68904.903479,CPTY_A,1.646837
43,2017-10-13,14,85355.655522,74764.840131,0.000000,128299.713725,CPTY_A,1.685194
44,2017-10-27,17,86202.141523,76639.859734,0.000000,69964.150994,CPTY_A,1.723550
45,2017-11-13,11,86601.974668,78269.032191,0.000000,84042.813320,CPTY_A,1.770125
46,2017-11-24,14,88146.357920,80024.922628,0.000000,101146.942325,CPTY_A,1.800262
47,2017-12-08,14,87019.880641,78542.436024,0.000000,124393.411943,CPTY_A,1.838618
48,2017-12-22,14,95265.044688,86412.268980,0.000000,138394.187214,CPTY_A,1.876974
49,2018-01-05,14,94358.300567,86039.157501,0.000000,76478.187858,CPTY_A,1.915330
50,2018-01-19,14,103511.186633,93279.974595,0.000000,128345.770098,CPTY_A,1.953687
51,2018-02-02,14,95050.160588,85786.214678,0.000000,154948.633079,CPTY_A,1.992043
52,2018-02-16,14,83560.103286,75598.954340,0.000000,130469.104367,CPTY_A,2.030399
53,2018-03-02,14,122837.783437,110622.409960,0.000000,186074.717042,CPTY_A,2.068755
54,2018-03-16,18,79240.196302,70383.819153,0.000000,106569.702158,CPTY_A,2.107111
55,2018-04-03,10,82446.558485,74742.687092,0.000000,95551.509572,CPTY_A,2.156426
56,2018-04-13,14,92913.630580,81647.824807,0.000000,116596.030557,CPTY_A,2.183824
57,2018-04-27,14,68784.142488,65468.337550,0.000000,50706.606653,CPTY_A,2.222180
58,2018-05-11,14,74876.214886,68226.958491,0.000000,83710.547124,CPTY_A,2.260536
59,2018-05-25,14,73165.854967,70533.375413,0.000000,91275.801176,CPTY_A,2.298892
60,2018-06-08,14,87647.466961,78841.849477,0.000000,78909.611746,CPTY_A,2.337248
61,2018-06-22,14,81320.961400,71886.662626,0.000000,99104.594004,CPTY_A,2.375604
62,2018-07-06,14,77604.655557,67676.176185,0.000000,79764.198773,CPTY_A,2.413961
63,2018-07-20,14,99090.347991,86628.037078,0.000000,128302.142171,CPTY_A,2.452317
64,2018-08-03,14,83748.421668,78763.533919,0.000000,81379.591545,CPTY_A,2.490673
65,2018-08-17,14,68221.074418,67269.816824,0.000000,71682.638066,CPTY_A,2.529029
66,2018-08-31,14,105424.798608,93857.504073,0.000000,193162.370027,CPTY_A,2.567385
67,2018-09-14,14,71182.185441,63443.934624,0.000000,64693.224212,CPTY_A,2.605741
68,2018-09-28,14,87474.364077,77865.624842,0.000000,102473.904166,CPTY_A,2.644098
69,2018-10-12,14,101374.629301,89674.951280,0.000000,195842.640951,CPTY_A,2.682454
70,2018-10-26,14,87262.153364,81288.334552,0.000000,131943.701467,CPTY_A,2.720810
71,2018-11-09,14,78088.015791,69242.478206,0.000000,95363.305357,CPTY_A,2.759166
72,2018-11-23,14,85593.192921,78894.268524,0.000000,125874.060716,CPTY_A,2.797522
73,2018-12-07,14,77133.109070,72437.696638,0.000000,99951.846091,CPTY_A,2.835878
74,2018-12-21,14,93115.823537,84579.335090,0.000000,98655.572474,CPTY_A,2.874235
75,2019-01-04,14,77380.804677,71779.770521,0.000000,76160.162327,CPTY_A,2.912591
76,2019-01-18,14,77738.335533,71811.902712,0.000000,90000.131870,CPTY_A,2.950947
77,2019-02-01,14,87266.239592,77617.998467,0.000000,126601.950486,CPTY_A,2.989303
78,2019-02-15,14,112454.447254,98829.878223,0.000000,219655.281322,CPTY_A,3.027659
79,2019-03-01,14,79837.513337,70688.738706,0.000000,101170.601366,CPTY_A,3.066015
80,2019-03-15,14,94086.360686,82760.125715,0.000000,124720.356680,CPTY_A,3.104372
81,2019-03-29,14,93502.718474,84717.447934,0.000000,192918.282329,CPTY_A,3.142728
82,2019-04-12,14,108163.311223,96479.460205,0.000000,144280.257095,CPTY_A,3.181084
83,2019-04-26,14,102879.214217,91365.234255,0.000000,181474.959242,CPTY_A,3.219440
84,2019-05-10,14,75960.819739,69681.848205,0.000000,69307.119037,CPTY_A,3.257796
85,2019-05-24,14,108423.965770,96436.557751,0.000000,101116.728855,CPTY_A,3.296152
86,2019-06-07,14,102259.278600,91802.409546,0.000000,82329.204970,CPTY_A,3.334509
87,2019-06-21,14,87275.391164,78658.221798,0.000000,78297.531505,CPTY_A,3.372865
88,2019-07-05,14,115991.276232,106711.839205,0.000000,162547.836128,CPTY_A,3.411221
89,2019-07-19,14,99127.313593,89466.196560,0.000000,114915.379615,CPTY_A,3.449577
90,2019-08-02,14,86200.541713,79158.554189,0.000000,99196.407437,CPTY_A,3.487933
91,2019-08-16,14,110065.418926,102793.954241,0.000000,242187.174909,CPTY_A,3.526289
92,2019-08-30,14,98563.569716,90068.823219,0.000000,115176.740469,CPTY_A,3.564646
93,2019-09-13,14,97550.283247,89869.818815,0.000000,128514.854701,CPTY_A,3.603002
94,2019-09-27,14,85458.110324,78203.361077,0.000000,103742.278039,CPTY_A,3.641358
95,2019-10-11,14,101986.545621,96454.361378,0.000000,159020.770852,CPTY_A,3.679714
96,2019-10-25,14,78716.896314,72721.406756,0.000000,92864.366363,CPTY_A,3.718070
97,2019-11-08,14,96639.214954,88536.117411,0.000000,159815.454213,CPTY_A,3.756426
98,2019-11-22,14,100855.294118,92755.460288,0.000000,89343.029800,CPTY_A,3.794783
99,2019-12-06,14,78781.062370,72271.914244,0.000000,83881.300358,CPTY_A,3.833139
100,2019-12-20,14,87658.704054,79589.344195,0.000000,106025.033790,CPTY_A,3.871495
101,2020-01-03,14,106470.969608,98315.971952,0.000000,122316.067721,CPTY_A,3.909836
102,2020-01-17,14,107530.116338,97678.875737,0.000000,144337.606209,CPTY_A,3.948087
103,2020-01-31,14,95436.374733,87832.280453,0.000000,158599.329995,CPTY_A,3.986339
104,2020-02-14,14,103463.713634,96174.316650,0.000000,146305.161384,CPTY_A,4.024590
105,2020-02-28,14,92332.178847,85258.415792,0.000000,124675.823311,CPTY_A,4.062842
106,2020-03-13,14,113550.300626,104171.756477,0.000000,137080.780718,CPTY_A,4.101093
107,2020-03-27,18,100735.262713,92164.451464,0.000000,100983.951100,CPTY_A,4.139344
108,2020-04-14,10,107041.202042,99558.766918,0.000000,120066.468764,CPTY_A,4.188525
109,2020-04-24,17,102207.562778,94799.564694,0.000000,83432.095288,CPTY_A,4.215847
110,2020-05-11,11,105295.295017,97125.014107,0.000000,143957.388541,CPTY_A,4.262295
111,2020-05-22,14,85042.107721,78311.497003,0.000000,118737.628296,CPTY_A,4.292350
112,2020-06-05,14,100953.488656,93237.026298,0.000000,149150.417144,CPTY_A,4.330601
113,2020-06-19,17,80900.023597,75092.907523,0.000000,113561.685975,CPTY_A,4.368852
114,2020-07-06,11,107513.728315,99390.182485,0.000000,100967.458899,CPTY_A,4.415301
115,2020-07-17,14,98194.321160,90376.364421,0.000000,132596.510871,CPTY_A,4.445355
116,2020-07-31,14,72068.713998,65799.994452,0.000000,73356.812177,CPTY_A,4.483607
117,2020-08-14,14,80548.800913,74115.495172,0.000000,100603.073644,CPTY_A,4.521858
118,2020-08-28,14,77844.103879,71612.838362,0.000000,70052.706952,CPTY_A,4.560109
119,2020-09-11,14,107890.408610,100336.518951,0.000000,204660.834312,CPTY_A,4.598361
120,2020-09-25,14,98087.268229,91141.830593,0.000000,156359.512618,CPTY_A,4.636612
121,2020-10-09,14,89261.843510,82410.653425,0.000000,169976.736793,CPTY_A,4.674863
122,2020-10-23,14,77810.895257,72659.396193,0.000000,108021.376679,CPTY_A,4.713115
123,2020-11-06,14,99493.251212,92526.330590,0.000000,144408.567104,CPTY_A,4.751366
124,2020-11-20,14,77693.811949,72127.084882,0.000000,94167.974092,CPTY_A,4.789617
125,2020-12-04,14,106525.371355,100009.191740,0.000000,139631.807663,CPTY_A,4.827869
126,2020-12-18,17,79623.885094,75876.508085,0.000000,95841.329889,CPTY_A,4.866120
127,2021-01-04,11,95940.190672,90345.478500,0.000000,109466.114876,CPTY_A,4.912591
128,2021-01-15,14,93111.550879,87326.927917,0.000000,97571.506005,CPTY_A,4.942728
129,2021-01-29,14,90030.497297,83936.677169,0.000000,96466.898192,CPTY_A,4.981084
130,2021-02-12,14,105938.902604,97228.748937,0.000000,128061.787614,CPTY_A,5.019440
131,2021-02-26,14,75538.724824,70968.458719,0.000000,86364.628516,CPTY_A,5.057796
132,2021-03-12,14,98624.169161,93073.021828,0.000000,93330.461227,CPTY_A,5.096152
133,2021-03-26,14,83338.669253,76738.240522,0.000000,86615.272869,CPTY_A,5.134509
134,2021-04-09,14,70000.141216,65216.066881,0.000000,85647.655316,CPTY_A,5.172865
135,2021-04-23,14,120466.482548,114045.699667,0.000000,186482.674618,CPTY_A,5.211221
136,2021-05-07,14,109865.907877,101582.868007,0.000000,125570.796926,CPTY_A,5.249577
137,2021-05-21,14,87940.454166,80680.625541,0.000000,89282.200602,CPTY_A,5.287933
138,2021-06-04,14,69756.887673,64910.728161,0.000000,67033.273406,CPTY_A,5.326289
139,2021-06-18,14,86252.877166,80598.052821,0.000000,108254.196061,CPTY_A,5.364646
140,2021-07-02,14,83944.994346,78201.044952,0.000000,87502.018337,CPTY_A,5.403002
141,2021-07-16,14,90469.203077,86888.908352,0.000000,147780.721875,CPTY_A,5.441358
142,2021-07-30,14,121431.193779,115611.741503,0.000000,178365.063534,CPTY_A,5.479714
143,2021-08-13,14,102691.243877,97930.893016,0.000000,74323.435688,CPTY_A,5.518070
144,2021-08-27,14,65004.875783,62443.501501,0.000000,48404.493157,CPTY_A,5.556426
145,2021-09-10,14,76061.766490,72576.442527,0.000000,77284.977166,CPTY_A,5.594783
146,2021-09-24,14,75600.782636,71273.964714,0.000000,100382.797483,CPTY_A,5.633139
147,2021-10-08,14,116564.422653,111200.060219,0.000000,113150.726042,CPTY_A,5.671495
148,2021-10-22,14,88606.176612,84524.212959,0.000000,100813.053868,CPTY_A,5.709851
149,2021-11-05,14,95449.629948,91141.087497,0.000000,78722.403211,CPTY_A,5.748207
150,2021-11-19,14,97967.542099,92583.754541,0.000000,179496.396889,CPTY_A,5.786563
151,2021-12-03,14,82870.734315,78184.887557,0.000000,123926.131550,CPTY_A,5.824920
152,2021-12-17,18,82678.236919,80304.769773,0.000000,90587.422494,CPTY_A,5.863276
153,2022-01-04,10,75795.415844,72203.791744,0.000000,96486.774714,CPTY_A,5.912591
154,2022-01-14,14,87474.193646,85269.869469,0.000000,54446.793763,CPTY_A,5.939988
155,2022-01-28,14,90535.923421,86130.571427,0.000000,114080.367067,CPTY_A,5.978344
156,2022-02-11,14,80567.044669,76028.775557,0.000000,97257.844825,CPTY_A,6.016700
157,2022-02-25,14,89192.789264,85228.494422,0.000000,97667.738576,CPTY_A,6.055057
158,2022-03-11,14,81322.549351,76591.245180,0.000000,156615.036216,CPTY_A,6.093413
159,2022-03-25,14,94723.879937,91074.444195,0.000000,149381.729597,CPTY_A,6.131769
160,2022-04-08,14,82342.042543,79831.623123,0.000000,87270.173171,CPTY_A,6.170125
161,2022-04-22,14,109824.280962,105569.871606,0.000000,153492.220225,CPTY_A,6.208481
162,2022-05-06,14,90132.468646,86127.455586,0.000000,116009.586511,CPTY_A,6.246837
163,2022-05-20,14,67423.734125,64726.855443,0.000000,57489.098809,CPTY_A,6.285194
164,2022-06-03,14,91901.730442,90223.297933,0.000000,199887.185580,CPTY_A,6.323550
165,2022-06-17,14,97668.738171,93419.004732,0.000000,121079.725762,CPTY_A,6.361906
166,2022-07-01,14,89056.040059,86567.884388,0.000000,117832.417248,CPTY_A,6.400262
167,2022-07-15,14,82581.264523,78857.494641,0.000000,104991.716537,CPTY_A,6.438618
168,2022-07-29,14,62454.045228,60224.328859,0.000000,78383.767782,CPTY_A,6.476974
169,2022-08-12,14,79718.635315,76603.743450,0.000000,139869.562101,CPTY_A,6.515330
170,2022-08-26,14,87521.215123,84770.560334,0.000000,118303.697787,CPTY_A,6.553687
171,2022-09-09,14,72932.204428,69901.086204,0.000000,98538.090652,CPTY_A,6.592043
172,2022-09-23,14,67800.102708,65229.401885,0.000000,94719.054376,CPTY_A,6.630399
173,2022-10-07,14,115679.065050,113070.351472,0.000000,152058.496200,CPTY_A,6.668755
174,2022-10-21,14,83680.437365,81030.635422,0.000000,109994.046376,CPTY_A,6.707111
175,2022-11-04,14,86537.181193,83405.156843,0.000000,86182.978795,CPTY_A,6.745467
176,2022-11-18,14,87853.160738,84226.150926,0.000000,126526.517355,CPTY_A,6.783824
177,2022-12-02,14,92181.611276,88680.614486,0.000000,128076.615626,CPTY_A,6.822180
178,2022-12-16,14,88560.568014,84842.426182,0.000000,96531.233489,CPTY_A,6.860536
179,2022-12-30,14,75653.038159,73073.773834,0.000000,137955.207835,CPTY_A,6.898892
180,2023-01-13,14,82606.228729,80017.494526,0.000000,83275.843271,CPTY_A,6.937248
181,2023-01-27,14,83153.139065,80529.768639,0.000000,90436.438590,CPTY_A,6.975604
182,2023-02-10,14,89985.645445,87210.234883,0.000000,178848.650374,CPTY_A,7.013961
183,2023-02-24,14,82105.390716,79505.934355,0.000000,97904.651150,CPTY_A,7.052317
184,2023-03-10,14,86699.169366,84684.859710,0.000000,162826.069279,CPTY_A,7.090673
185,2023-03-24,18,81782.277461,78762.867090,0.000000,92294.152675,CPTY_A,7.129029
186,2023-04-11,10,87112.308012,84186.962778,0.000000,85518.408285,CPTY_A,7.178344
187,2023-04-21,14,73870.252137,71575.982529,0.000000,67255.345201,CPTY_A,7.205741
188,2023-05-05,14,81037.355847,78422.265961,0.000000,80048.788430,CPTY_A,7.244098
189,2023-05-19,14,89986.916148,86408.638081,0.000000,147360.824598,CPTY_A,7.282454
190,2023-06-02,14,105127.439706,100973.151690,0.000000,192114.965717,CPTY_A,7.320810
191,2023-06-16,14,82734.752248,79130.923804,0.000000,85587.415127,CPTY_A,7.359166
192,2023-06-30,14,79011.337899,75596.919994,0.000000,104372.291847,CPTY_A,7.397522
193,2023-07-14,14,87108.750025,83802.524496,0.000000,68490.072320,CPTY_A,7.435878
194,2023-07-28,14,80753.906058,77159.274040,0.000000,84945.460996,CPTY_A,7.474235
195,2023-08-11,14,81320.617446,78401.048325,0.000000,103786.619728,CPTY_A,7.512591
196,2023-08-25,14,98970.552295,94812.253931,0.000000,115492.262168,CPTY_A,7.550947
197,2023-09-08,14,84898.680002,81738.543080,0.000000,98438.464619,CPTY_A,7.589303
198,2023-09-22,14,90078.060174,89182.875085,0.000000,143419.367905,CPTY_A,7.627659
199,2023-10-06,14,74444.474543,71380.294778,0.000000,57415.311811,CPTY_A,7.666015
200,2023-10-20,14,99186.118016,94845.523399,0.000000,123492.953024,CPTY_A,7.704372
201,2023-11-03,14,112827.522499,107811.312449,0.000000,157539.447429,CPTY_A,7.742728
202,2023-11-17,14,80987.912381,77265.149548,0.000000,136845.910412,CPTY_A,7.781084
203,2023-12-01,14,72933.472141,70447.357972,0.000000,91634.654587,CPTY_A,7.819440
204,2023-12-15,14,104057.343024,99195.097085,0.000000,89779.278426,CPTY_A,7.857796
205,2023-12-29,14,88076.697634,85810.742959,0.000000,107226.229243,CPTY_A,7.896152
206,2024-01-12,14,82791.053107,78789.336629,0.000000,124045.503294,CPTY_A,7.934426
207,2024-01-26,14,82996.782992,81037.888629,0.000000,123092.250552,CPTY_A,7.972678
208,2024-02-09,14,96718.011648,93692.903782,0.000000,167602.760618,CPTY_A,8.010929
209,2024-02-23,14,72094.924571,69184.960519,0.000000,67729.794507,CPTY_A,8.049180
210,2024-03-08,14,97421.837733,94193.706600,0.000000,100443.381082,CPTY_A,8.087432
211,2024-03-22,14,89730.594799,87330.734636,0.000000,112784.155548,CPTY_A,8.125683
212,2024-04-05,14,90097.298330,86509.806676,0.000000,129344.653859,CPTY_A,8.163934
213,2024-04-19,14,71846.912414,69821.828887,0.000000,133873.967556,CPTY_A,8.202186
214,2024-05-03,14,107603.642818,101991.438519,0.000000,131707.164560,CPTY_A,8.240437
215,2024-05-17,14,90704.250060,87472.833154,0.000000,81181.763991,CPTY_A,8.278689
216,2024-05-31,14,117800.387194,113397.314798,0.000000,172975.988127,CPTY_A,8.316940
217,2024-06-14,14,76253.744625,72754.784930,0.000000,99662.274699,CPTY_A,8.355191
218,2024-06-28,14,75264.257576,72331.081774,0.000000,79379.662438,CPTY_A,8.393443
219,2024-07-12,14,82814.757847,78115.737159,0.000000,127153.061808,CPTY_A,8.431694
220,2024-07-26,14,106145.905533,100943.574112,0.000000,107373.757242,CPTY_A,8.469945
221,2024-08-09,14,104270.031363,99479.258176,0.000000,140149.182526,CPTY_A,8.508197
222,2024-08-23,14,88445.934390,83392.658620,0.000000,179169.880742,CPTY_A,8.546448
223,2024-09-06,14,101472.194191,97660.730109,0.000000,130798.560884,CPTY_A,8.584699
224,2024-09-20,14,86129.134717,82536.858035,0.000000,88635.929932,CPTY_A,8.622951
225,2024-10-04,14,88544.748979,85594.779468,0.000000,147087.319541,CPTY_A,8.661202
226,2024-10-18,14,103712.071298,99458.916037,0.000000,140567.729241,CPTY_A,8.699454
227,2024-11-01,14,84429.934748,81071.239072,0.000000,107142.669508,CPTY_A,8.737705
228,2024-11-15,14,81368.410839,79391.701755,0.000000,79319.368608,CPTY_A,8.775956
229,2024-11-29,14,107266.047881,103406.914028,0.000000,186051.185027,CPTY_A,8.814208
230,2024-12-13,14,105975.346613,102192.762036,0.000000,110677.659556,CPTY_A,8.852459
231,2024-12-27,14,100823.658200,97697.987203,0.000000,146968.102675,CPTY_A,8.890710
232,2025-01-10,14,81968.390569,79189.334431,0.000000,94695.798968,CPTY_A,8.929029
233,2025-01-24,14,132507.007618,129694.692299,0.000000,165859.831841,CPTY_A,8.967385
234,2025-02-07,14,72945.532243,71997.073990,0.000000,103025.534726,CPTY_A,9.005741
235,2025-02-21,14,92227.090934,90128.667432,0.000000,163007.919923,CPTY_A,9.044098
236,2025-03-07,14,89355.903048,87890.593037,0.000000,149526.963838,CPTY_A,9.082454
237,2025-03-21,14,103915.306716,100148.066080,0.000000,163354.907425,CPTY_A,9.120810
238,2025-04-04,18,89970.703368,86694.522348,0.000000,112298.470514,CPTY_A,9.159166
239,2025-04-22,10,78239.867233,75996.227460,0.000000,104825.559465,CPTY_A,9.208481
240,2025-05-02,14,110492.944503,106621.157750,0.000000,133624.548336,CPTY_A,9.235878
241,2025-05-16,14,98800.962110,96507.147122,0.000000,135994.809015,CPTY_A,9.274235
242,2025-05-30,14,86047.914620,82828.151494,0.000000,91029.447971,CPTY_A,9.312591
243,2025-06-13,14,113474.305444,109255.153822,0.000000,156951.659591,CPTY_A,9.350947
244,2025-06-27,14,83188.631524,80183.715922,0.000000,79267.363015,CPTY_A,9.389303
245,2025-07-11,14,96331.183128,92408.076315,0.000000,124560.525643,CPTY_A,9.427659
246,2025-07-25,14,100376.226841,97065.572754,0.000000,166442.966494,CPTY_A,9.466015
247,2025-08-08,14,95072.712825,90933.033683,0.000000,92109.155117,CPTY_A,9.504372
248,2025-08-22,14,107279.862783,102701.508729,0.000000,122550.172600,CPTY_A,9.542728
249,2025-09-05,14,98893.745000,95017.715257,0.000000,152708.672771,CPTY_A,9.581084
250,2025-09-19,14,109202.613281,107932.317245,0.000000,152931.533670,CPTY_A,9.619440
251,2025-10-03,14,105787.884018,101169.159364,0.000000,148363.719045,CPTY_A,9.657796
252,2025-10-17,14,79849.195101,76827.364146,0.000000,107856.082331,CPTY_A,9.696152
253,2025-10-31,14,86184.113793,84856.635916,0.000000,73187.816298,CPTY_A,9.734509
254,2025-11-14,14,105560.601982,101530.594796,0.000000,195616.900820,CPTY_A,9.772865
255,2025-11-28,14,96198.319959,92414.321324,0.000000,141059.896835,CPTY_A,9.811221
256,2025-12-12,17,76190.099178,73262.770339,0.000000,129824.084395,CPTY_A,9.849577
257,2025-12-29,11,72093.046668,69397.466264,0.000000,76085.753016,CPTY_A,9.896152
258,2026-01-09,14,90052.017717,86894.602454,0.000000,130944.185337,CPTY_A,9.926289
259,2026-01-23,14,89353.020776,86645.724614,0.000000,120891.891176,CPTY_A,9.964646
260,2026-02-06,14,97721.005650,93881.323524,0.000000,162502.073221,CPTY_A,10.003002
261,2026-02-20,14,129919.551193,127521.283931,0.000000,179473.533909,CPTY_A,10.041358
262,2026-03-06,14,118371.390490,117925.243013,0.000000,191636.060411,CPTY_A,10.079714
263,2026-03-20,18,113039.968752,109704.257619,0.000000,109696.785892,CPTY_A,10.118070
264,2026-04-07,10,111454.861995,112286.837933,0.000000,98988.214212,CPTY_A,10.167385
265,2026-04-17,18,131834.531748,132736.292926,0.000000,218444.067784,CPTY_A,10.194783
266,2026-05-05,10,103564.596984,101564.579171,0.000000,114876.722762,CPTY_A,10.244098
267,2026-05-15,14,69937.962709,68063.703776,0.000000,86017.654585,CPTY_A,10.271495
268,2026-05-29,14,100747.039704,98767.398322,0.000000,122972.472969,CPTY_A,10.309851
269,2026-06-12,14,85307.535362,87308.110427,0.000000,81742.685371,CPTY_A,10.348207
270,2026-06-26,14,105153.731225,104332.800982,0.000000,145192.099406,CPTY_A,10.386563
271,2026-07-10,14,138476.280543,135237.091022,0.000000,194093.338114,CPTY_A,10.424920
272,2026-07-24,14,113029.508585,111694.151279,0.000000,183351.789134,CPTY_A,10.463276
273,2026-08-07,14,73842.660992,72167.489969,0.000000,103209.101750,CPTY_A,10.501632
274,2026-08-21,14,91664.131569,89218.527722,0.000000,126553.213994,CPTY_A,10.539988
275,2026-09-04,14,108762.671567,107908.651372,0.000000,147870.035595,CPTY_A,10.578344
276,2026-09-18,14,89012.192100,86349.906168,0.000000,94365.007872,CPTY_A,10.616700
277,2026-10-02,14,98148.646709,97317.553949,0.000000,161082.056020,CPTY_A,10.655057
278,2026-10-16,14,103015.148648,99795.707541,0.000000,122737.683065,CPTY_A,10.693413
279,2026-10-30,14,66380.092233,66130.947035,0.000000,134180.466992,CPTY_A,10.731769
280,2026-11-13,14,111716.919757,110282.080080,0.000000,181205.184586,CPTY_A,10.770125
281,2026-11-27,14,102462.516128,99461.305751,0.000000,118931.628075,CPTY_A,10.808481
282,2026-12-11,18,73605.274039,72058.602159,0.000000,88513.818589,CPTY_A,10.846837
283,2026-12-29,10,103154.373351,101354.811870,0.000000,98538.665996,CPTY_A,10.896152
284,2027-01-08,14,76662.774417,74585.573246,0.000000,72178.086767,CPTY_A,10.923550
285,2027-01-22,14,96303.755022,92919.960246,0.000000,94044.234989,CPTY_A,10.961906
286,2027-02-05,14,94762.926129,93659.832170,0.000000,178946.983384,CPTY_A,11.000262
287,2027-02-19,14,75857.920119,76409.896992,-11482.478994,96306.441730,CPTY_A,11.038618
288,2027-03-05,14,89290.739649,86715.467942,0.000000,109937.291943,CPTY_A,11.076974
289,2027-03-19,14,70685.665342,68649.070785,0.000000,80602.693898,CPTY_A,11.115330
290,2027-04-02,14,90408.106047,88525.935053,0.000000,164837.464894,CPTY_A,11.153687
291,2027-04-16,14,90872.133934,90107.397795,0.000000,124525.391247,CPTY_A,11.192043
292,2027-04-30,14,77897.581551,76137.271548,0.000000,116430.272188,CPTY_A,11.230399
293,2027-05-14,14,86070.933427,83598.076756,0.000000,107735.543627,CPTY_A,11.268755
294,2027-05-28,14,65311.731965,65038.651070,0.000000,85723.388508,CPTY_A,11.307111
295,2027-06-11,14,70230.452944,69611.234078,0.000000,144105.955336,CPTY_A,11.345467
296,2027-06-25,14,84908.561255,83290.602987,0.000000,136526.353267,CPTY_A,11.383824
297,2027-07-09,14,92695.787265,91502.952409,0.000000,79444.460328,CPTY_A,11.422180
298,2027-07-23,14,97922.424938,96572.487193,0.000000,116321.406038,CPTY_A,11.460536
299,2027-08-06,14,91153.902994,88992.438741,0.000000,107028.411101,CPTY_A,11.498892
300,2027-08-20,14,92913.827750,90715.232337,-12592.063740,120590.819352,CPTY_A,11.537248
301,2027-09-03,14,67584.284073,66530.382398,0.000000,91181.739223,CPTY_A,11.575604
302,2027-09-17,14,86399.509751,85610.011538,0.000000,97216.979356,CPTY_A,11.613961
303,2027-10-01,14,64180.520450,64236.626994,0.000000,70598.427097,CPTY_A,11.652317
304,2027-10-15,14,77054.941624,74209.622976,0.000000,113315.031578,CPTY_A,11.690673
305,2027-10-29,14,79108.988563,78504.074802,0.000000,134780.163327,CPTY_A,11.729029
306,2027-11-12,14,86236.564851,85187.285975,0.000000,156527.440398,CPTY_A,11.767385
307,2027-11-26,14,57070.683101,56267.133443,0.000000,80714.213677,CPTY_A,11.805741
308,2027-12-10,19,70194.655965,68807.811214,0.000000,107569.173914,CPTY_A,11.844098
309,2027-12-29,9,113743.675832,112144.349388,0.000000,175034.693149,CPTY_A,11.896152
310,2028-01-07,14,78943.379318,77520.571010,0.000000,96853.250162,CPTY_A,11.920765
311,2028-01-21,14,85206.102559,86708.128080,0.000000,57757.200120,CPTY_A,11.959016
312,2028-02-04,14,93596.194875,90955.024130,0.000000,136745.907034,CPTY_A,11.997268
313,2028-02-18,14,74428.673173,72998.880409,55955.415234,103699.105602,CPTY_A,12.035519
314,2028-03-03,14,60737.085814,59721.119235,0.000000,93919.390961,CPTY_A,12.073770
315,2028-03-17,14,96209.814035,92692.348214,0.000000,113314.267133,CPTY_A,12.112022
316,2028-03-31,18,59898.724327,59687.540564,0.000000,80675.313659,CPTY_A,12.150273
317,2028-04-18,10,88007.852187,85666.861705,0.000000,99848.113401,CPTY_A,12.199454
318,2028-04-28,14,71091.103543,69872.139970,0.000000,81522.353175,CPTY_A,12.226776
319,2028-05-12,14,63542.586462,62927.680424,0.000000,65221.835201,CPTY_A,12.265027
320,2028-05-26,14,61485.418770,59802.118704,0.000000,91174.677874,CPTY_A,12.303279
321,2028-06-09,14,60154.575664,57841.903514,0.000000,88910.478209,CPTY_A,12.341530
322,2028-06-23,14,90073.588671,93925.981598,0.000000,123156.775952,CPTY_A,12.379781
323,2028-07-07,14,66673.819021,64956.151538,0.000000,70805.477195,CPTY_A,12.418033
324,2028-07-21,14,78239.112486,77452.569384,0.000000,81995.551242,CPTY_A,12.456284
325,2028-08-04,14,87727.647186,85109.963243,0.000000,97894.412937,CPTY_A,12.494536
326,2028-08-18,14,74255.766168,77678.872462,-12427.317979,165663.357178,CPTY_A,12.532787
327,2028-09-01,14,92568.032374,90530.761158,0.000000,120654.310025,CPTY_A,12.571038
328,2028-09-15,14,55035.479259,54614.537567,0.000000,89842.608778,CPTY_A,12.609290
329,2028-09-29,14,59109.722559,59102.177384,0.000000,110968.146055,CPTY_A,12.647541
330,2028-10-13,14,72597.067075,70449.850654,0.000000,80104.449897,CPTY_A,12.685792
331,2028-10-27,17,45655.374600,45570.279756,0.000000,49329.710767,CPTY_A,12.724044
332,2028-11-13,11,71033.380702,69346.615631,0.000000,94268.851909,CPTY_A,12.770492
333,2028-11-24,14,65875.286586,65015.431498,0.000000,92478.156174,CPTY_A,12.800546
334,2028-12-08,14,68782.359150,69687.939155,0.000000,145842.459719,CPTY_A,12.838798
335,2028-12-22,14,66575.149408,65093.333974,0.000000,95360.303880,CPTY_A,12.877049
336,2029-01-05,14,45575.768821,44264.469079,0.000000,63815.842220,CPTY_A,12.915330
337,2029-01-19,14,63457.590560,61743.313391,0.000000,80891.001600,CPTY_A,12.953687
338,2029-02-02,14,52387.262037,51619.506543,0.000000,68718.981257,CPTY_A,12.992043
339,2029-02-16,14,74755.477729,75356.207994,53975.868359,129132.950630,CPTY_A,13.030399
340,2029-03-02,14,70621.234214,71546.979784,0.000000,89328.733464,CPTY_A,13.068755
341,2029-03-16,18,63163.541188,62399.065901,0.000000,78264.860744,CPTY_A,13.107111
342,2029-04-03,10,53101.376454,53102.963288,0.000000,82425.802318,CPTY_A,13.156426
343,2029-04-13,14,62318.420169,62262.831462,0.000000,105949.749937,CPTY_A,13.183824
344,2029-04-27,14,63763.167203,63632.902194,0.000000,87653.011340,CPTY_A,13.222180
345,2029-05-11,14,76395.958653,77257.800360,0.000000,142898.592766,CPTY_A,13.260536
346,2029-05-25,14,66581.342136,66878.693040,0.000000,96476.622328,CPTY_A,13.298892
347,2029-06-08,14,58172.383596,58385.597016,0.000000,99530.376862,CPTY_A,13.337248
348,2029-06-22,14,63104.007164,63559.785845,0.000000,70737.946301,CPTY_A,13.375604
349,2029-07-06,14,60670.400368,60890.604384,0.000000,86842.182380,CPTY_A,13.413961
350,2029-07-20,14,61619.326237,62729.592704,0.000000,98005.552714,CPTY_A,13.452317
351,2029-08-03,14,69227.301622,69671.178701,0.000000,89267.712625,CPTY_A,13.490673
352,2029-08-17,14,60706.789545,60960.908571,0.000000,95184.795962,CPTY_A,13.529029
353,2029-08-31,14,56623.726891,56562.741587,-12480.900977,83566.958753,CPTY_A,13.567385
354,2029-09-14,14,50964.023971,50815.786950,0.000000,83041.466961,CPTY_A,13.605741
355,2029-09-28,14,66915.697585,67100.014342,0.000000,78263.111593,CPTY_A,13.644098
356,2029-10-12,14,52883.864289,53052.625490,0.000000,64901.371973,CPTY_A,13.682454
357,2029-10-26,14,67374.577394,68372.621450,0.000000,114603.985040,CPTY_A,13.720810
358,2029-11-09,14,56034.708433,56542.993515,0.000000,73462.983704,CPTY_A,13.759166
359,2029-11-23,14,61954.913171,62660.091664,0.000000,74436.889384,CPTY_A,13.797522
360,2029-12-07,14,44165.839776,44742.239584,0.000000,63670.966329,CPTY_A,13.835878
361,2029-12-21,14,54546.660183,55359.898232,0.000000,57076.628524,CPTY_A,13.874235
362,2030-01-04,14,45152.650797,45903.228176,0.000000,71288.224337,CPTY_A,13.912591
363,2030-01-18,14,61704.867413,62649.529333,0.000000,90785.545628,CPTY_A,13.950947
364,2030-02-01,14,64524.053492,65492.910190,0.000000,111355.408617,CPTY_A,13.989303
365,2030-02-15,14,58992.054774,60607.544052,59067.082813,71921.269351,CPTY_A,14.027659
366,2030-03-01,14,48585.526101,49478.639813,0.000000,67391.621153,CPTY_A,14.066015
367,2030-03-15,14,46865.058378,47629.571706,0.000000,64554.403291,CPTY_A,14.104372
368,2030-03-29,14,44538.938096,45166.123439,0.000000,44600.103884,CPTY_A,14.142728
369,2030-04-12,14,59537.972458,62473.104025,0.000000,127402.510141,CPTY_A,14.181084
370,2030-04-26,14,69537.300049,71668.997668,0.000000,84871.366092,CPTY_A,14.219440
371,2030-05-10,14,59665.955153,61369.445948,0.000000,76641.153449,CPTY_A,14.257796
372,2030-05-24,14,56216.584569,57504.962603,0.000000,92612.321417,CPTY_A,14.296152
373,2030-06-07,14,50172.617998,51922.273411,0.000000,90765.094419,CPTY_A,14.334509
374,2030-06-21,14,67675.031605,69446.669040,0.000000,77736.585689,CPTY_A,14.372865
375,2030-07-05,14,50500.665846,51865.240250,0.000000,70010.737369,CPTY_A,14.411221
376,2030-07-19,14,69419.671915,71839.872001,0.000000,125432.297380,CPTY_A,14.449577
377,2030-08-02,14,42851.769574,43916.307533,0.000000,45313.897015,CPTY_A,14.487933
378,2030-08-16,14,46916.905192,47851.713642,0.000000,47128.392777,CPTY_A,14.526289
379,2030-08-30,14,61435.650273,62528.418405,-8901.739707,109824.904999,CPTY_A,14.564646
380,2030-09-13,14,40945.626960,42388.639807,0.000000,36548.405989,CPTY_A,14.603002
381,2030-09-27,14,40677.538331,41659.778832,0.000000,56539.921378,CPTY_A,14.641358
382,2030-10-11,14,36227.285527,37602.031426,0.000000,52528.005805,CPTY_A,14.679714
383,2030-10-25,14,55256.376043,57568.754149,0.000000,50523.661955,CPTY_A,14.718070
384,2030-11-08,14,57021.816109,58623.378279,0.000000,70934.566064,CPTY_A,14.756426
385,2030-11-22,14,47084.160983,48471.553249,0.000000,81297.452631,CPTY_A,14.794783
386,2030-12-06,14,45242.538967,46954.856906,0.000000,69299.508789,CPTY_A,14.833139
387,2030-12-20,14,49330.630907,52771.459982,0.000000,64921.707490,CPTY_A,14.871495
388,2031-01-03,14,37440.262018,41711.304910,0.000000,17225.331466,CPTY_A,14.909851
389,2031-01-17,14,54756.167278,56358.826651,0.000000,73617.403923,CPTY_A,14.948207
390,2031-01-31,14,49376.866757,51293.133765,0.000000,72836.023050,CPTY_A,14.986563
391,2031-02-14,14,52182.707306,53883.338126,0.000000,83649.765739,CPTY_A,15.024920
392,2031-02-28,14,36041.798021,37240.931875,56738.772188,50421.342030,CPTY_A,15.063276
393,2031-03-14,14,48589.179835,50162.168038,0.000000,57288.309189,CPTY_A,15.101632
394,2031-03-28,18,43344.668370,46773.097466,0.000000,58063.742950,CPTY_A,15.139988
395,2031-04-15,10,48530.909446,51719.367344,0.000000,28295.715517,CPTY_A,15.189303
396,2031-04-25,14,37509.106767,38864.730739,0.000000,44327.972571,CPTY_A,15.216700
397,2031-05-09,14,36442.251542,37912.328244,0.000000,42321.511560,CPTY_A,15.255057
398,2031-05-23,14,48501.940947,50785.761699,0.000000,61758.550018,CPTY_A,15.293413
399,2031-06-06,14,42522.858172,44501.300190,0.000000,69586.064372,CPTY_A,15.331769
400,2031-06-20,17,36922.246180,38551.435433,0.000000,40056.612511,CPTY_A,15.370125
401,2031-07-07,11,49328.040737,52803.755694,0.000000,88422.812155,CPTY_A,15.416700
402,2031-07-18,17,42246.947107,44153.868206,0.000000,48567.031808,CPTY_A,15.446837
403,2031-08-04,11,46542.255338,49575.758186,0.000000,53113.650601,CPTY_A,15.493413
404,2031-08-15,14,38670.311633,40354.137692,0.000000,50025.208074,CPTY_A,15.523550
405,2031-08-29,14,42838.918757,45537.661046,-10602.673281,47483.071026,CPTY_A,15.561906
406,2031-09-12,14,38884.975257,40505.763809,0.000000,39518.078804,CPTY_A,15.600262
407,2031-09-26,14,29958.219268,31283.117924,0.000000,33434.532321,CPTY_A,15.638618
408,2031-10-10,14,31027.425814,32344.265609,0.000000,42577.742708,CPTY_A,15.676974
409,2031-10-24,14,31242.012234,32817.028481,0.000000,43828.856856,CPTY_A,15.715330
410,2031-11-07,14,30345.809962,31703.558613,0.000000,27007.262785,CPTY_A,15.753687
411,2031-11-21,14,40434.074481,42468.350670,0.000000,52023.595729,CPTY_A,15.792043
412,2031-12-05,14,35996.488303,37594.519914,0.000000,64090.077056,CPTY_A,15.830399
413,2031-12-19,17,33715.259837,34943.116336,0.000000,42075.786531,CPTY_A,15.868755
414,2032-01-05,11,40919.439670,42193.529878,0.000000,77824.964429,CPTY_A,15.915301
415,2032-01-16,14,33547.648814,35730.629199,0.000000,26651.344592,CPTY_A,15.945355
416,2032-01-30,14,31781.494175,35006.680989,0.000000,51792.505541,CPTY_A,15.983607
417,2032-02-13,14,31728.732607,34999.898323,0.000000,19340.450121,CPTY_A,16.021858
418,2032-02-27,14,19793.354711,20662.348936,52693.602422,30550.676368,CPTY_A,16.060109
419,2032-03-12,18,41631.127395,42818.435260,0.000000,49462.100769,CPTY_A,16.098361
420,2032-03-30,10,37978.339957,39534.175248,0.000000,39413.482149,CPTY_A,16.147541
421,2032-04-09,14,24665.770844,25484.482605,0.000000,25987.900456,CPTY_A,16.174863
422,2032-04-23,14,29423.163362,30662.778309,0.000000,36335.413174,CPTY_A,16.213115
423,2032-05-07,14,39244.223567,41407.209665,0.000000,63935.208536,CPTY_A,16.251366
424,2032-05-21,14,29583.698084,30888.419683,0.000000,29309.541487,CPTY_A,16.289617
425,2032-06-04,14,35534.256491,37211.610825,0.000000,44994.010270,CPTY_A,16.327869
426,2032-06-18,14,29026.700559,30613.569015,0.000000,41595.472922,CPTY_A,16.366120
427,2032-07-02,14,35376.060741,36874.590442,0.000000,40647.203753,CPTY_A,16.404372
428,2032-07-16,14,25332.505568,26677.535759,0.000000,37409.292620,CPTY_A,16.442623
429,2032-07-30,14,38079.990839,39958.842828,0.000000,36525.048177,CPTY_A,16.480874
430,2032-08-13,14,30220.519949,31698.944989,0.000000,39176.201491,CPTY_A,16.519126
431,2032-08-27,14,25428.005647,26673.722801,-13605.323452,32495.643272,CPTY_A,16.557377
432,2032-09-10,14,30580.125501,34583.945642,0.000000,25718.911397,CPTY_A,16.595628
433,2032-09-24,14,21105.101425,22290.096811,0.000000,28294.497064,CPTY_A,16.633880
434,2032-10-08,14,28456.007982,29585.481284,0.000000,48374.063968,CPTY_A,16.672131
435,2032-10-22,14,26740.419024,28424.235539,0.000000,32929.156290,CPTY_A,16.710383
436,2032-11-05,14,19157.316134,20190.211516,0.000000,26439.245463,CPTY_A,16.748634
437,2032-11-19,14,29525.409024,30574.467081,0.000000,31820.424482,CPTY_A,16.786885
438,2032-12-03,14,28126.919904,29752.985836,0.000000,32423.475546,CPTY_A,16.825137
439,2032-12-17,18,28783.700284,30479.958883,0.000000,46432.288607,CPTY_A,16.863388
440,2033-01-04,10,17465.747391,18593.742603,0.000000,22821.138775,CPTY_A,16.912591
441,2033-01-14,14,23641.571642,25288.834335,0.000000,40037.195645,CPTY_A,16.939988
442,2033-01-28,14,24330.311753,26620.385619,0.000000,23214.337066,CPTY_A,16.978344
443,2033-02-11,14,23900.776886,25528.558516,0.000000,20102.248978,CPTY_A,17.016700
444,2033-02-25,14,28060.484508,29901.338552,50616.807305,16274.119767,CPTY_A,17.055057
445,2033-03-11,14,22617.617616,23857.609049,0.000000,23159.605443,CPTY_A,17.093413
446,2033-03-25,14,20880.733217,21822.610099,0.000000,26873.775344,CPTY_A,17.131769
447,2033-04-08,14,22806.023876,24050.640887,0.000000,36609.314664,CPTY_A,17.170125
448,2033-04-22,14,20810.048026,22407.660602,0.000000,34070.924162,CPTY_A,17.208481
449,2033-05-06,14,19329.107825,20310.992275,0.000000,33336.466349,CPTY_A,17.246837
450,2033-05-20,14,21182.135534,22284.200659,0.000000,30506.878915,CPTY_A,17.285194
451,2033-06-03,14,21404.072328,22967.046542,0.000000,31733.246937,CPTY_A,17.323550
452,2033-06-17,14,26751.136136,28091.938343,0.000000,36122.859281,CPTY_A,17.361906
453,2033-07-01,14,19186.200082,20543.504165,0.000000,24230.170225,CPTY_A,17.400262
454,2033-07-15,14,20187.964005,21304.895067,0.000000,37583.522168,CPTY_A,17.438618
455,2033-07-29,14,28335.837872,30768.906377,0.000000,28962.779894,CPTY_A,17.476974
456,2033-08-12,14,24125.646373,26135.849570,0.000000,33657.611386,CPTY_A,17.515330
457,2033-08-26,14,19805.563726,20786.174414,-14529.047578,26706.355949,CPTY_A,17.553687
458,2033-09-09,14,12168.702972,12937.183279,0.000000,18359.580653,CPTY_A,17.592043
459,2033-09-23,14,19818.657904,20955.289683,0.000000,28709.866617,CPTY_A,17.630399
460,2033-10-07,14,19645.763766,20819.160700,0.000000,17787.031564,CPTY_A,17.668755
461,2033-10-21,14,17147.665064,18174.973222,0.000000,27585.928567,CPTY_A,17.707111
462,2033-11-04,14,17177.431951,17930.788716,0.000000,25462.223835,CPTY_A,17.745467
463,2033-11-18,14,20467.970159,21598.001223,0.000000,21882.816093,CPTY_A,17.783824
464,2033-12-02,14,16728.092894,17709.185485,0.000000,16197.634216,CPTY_A,17.822180
465,2033-12-16,14,18039.350290,19559.355320,0.000000,24932.976000,CPTY_A,17.860536
466,2033-12-30,14,15317.412034,16352.730969,0.000000,17613.448845,CPTY_A,17.898892
467,2034-01-13,14,17222.558523,18204.096128,0.000000,22127.129644,CPTY_A,17.937248
468,2034-01-27,14,18417.434202,19964.253676,0.000000,32045.448959,CPTY_A,17.975604
469,2034-02-10,14,11628.735945,12361.892842,0.000000,15986.392386,CPTY_A,18.013961
470,2034-02-24,14,15802.152847,16833.046520,49082.122344,19895.873274,CPTY_A,18.052317
471,2034-03-10,14,11411.957886,12099.353463,0.000000,11920.840471,CPTY_A,18.090673
472,2034-03-24,18,14609.981023,15488.306005,0.000000,17149.689250,CPTY_A,18.129029
473,2034-04-11,10,14421.324046,15466.604036,0.000000,17306.229045,CPTY_A,18.178344
474,2034-04-21,14,13096.656278,14043.100278,0.000000,18029.798273,CPTY_A,18.205741
475,2034-05-05,14,14298.106078,15344.376131,0.000000,14654.680081,CPTY_A,18.244098
476,2034-05-19,14,13696.089187,14604.086610,0.000000,21032.470291,CPTY_A,18.282454
477,2034-06-02,14,16270.245095,17230.238783,0.000000,30820.194557,CPTY_A,18.320810
478,2034-06-16,14,9567.916979,10203.437089,0.000000,8069.048042,CPTY_A,18.359166
479,2034-06-30,14,15260.427996,16570.677977,0.000000,19864.275298,CPTY_A,18.397522
480,2034-07-14,14,10725.523107,11430.240590,0.000000,17203.036358,CPTY_A,18.435878
481,2034-07-28,14,10954.805084,12549.980138,0.000000,18462.814236,CPTY_A,18.474235
482,2034-08-11,14,12003.532148,13690.971896,0.000000,10917.421058,CPTY_A,18.512591
483,2034-08-25,14,13975.414157,14801.477192,-15419.523203,20979.937059,CPTY_A,18.550947
484,2034-09-08,14,10808.357768,11521.387442,0.000000,13179.812214,CPTY_A,18.589303
485,2034-09-22,14,7397.327344,7912.118880,0.000000,13477.270094,CPTY_A,18.627659
486,2034-10-06,14,8684.698086,9084.417827,0.000000,11330.787791,CPTY_A,18.666015
487,2034-10-20,14,8065.439181,8594.639034,0.000000,11098.242846,CPTY_A,18.704372
488,2034-11-03,14,6475.682008,7013.633574,0.000000,11422.218414,CPTY_A,18.742728
489,2034-11-17,14,7786.298631,8370.045759,0.000000,10248.620034,CPTY_A,18.781084
490,2034-12-01,14,6479.433576,6962.349102,0.000000,10568.896975,CPTY_A,18.819440
491,2034-12-15,14,9415.280766,10333.523179,0.000000,13676.046357,CPTY_A,18.857796
492,2034-12-29,14,7022.431835,7599.577320,0.000000,8229.337743,CPTY_A,18.896152
493,2035-01-12,14,9736.878267,10332.283142,0.000000,11914.637761,CPTY_A,18.934509
494,2035-01-26,14,8722.133673,9497.428374,0.000000,12893.263569,CPTY_A,18.972865
495,2035-02-09,14,7890.224677,8198.060551,0.000000,13089.195855,CPTY_A,19.011221
496,2035-02-23,14,10378.659657,11288.785817,46696.936563,13485.961356,CPTY_A,19.049577
497,2035-03-09,18,4775.151998,5175.671930,0.000000,7572.275025,CPTY_A,19.087933
498,2035-03-27,10,4435.940290,4808.347308,0.000000,5522.659815,CPTY_A,19.137248
499,2035-04-06,14,3497.987527,3818.396909,0.000000,3092.971837,CPTY_A,19.164646
500,2035-04-20,14,3780.352408,4292.930620,0.000000,6821.754069,CPTY_A,19.203002
501,2035-05-04,14,4327.524904,4822.659542,0.000000,4107.662762,CPTY_A,19.241358
502,2035-05-18,14,4549.576089,4927.407836,0.000000,3798.423373,CPTY_A,19.279714
503,2035-06-01,14,3347.755465,3618.938630,0.000000,5510.145246,CPTY_A,19.318070
504,2035-06-15,14,4268.435095,4618.168776,0.000000,4415.344869,CPTY_A,19.356426
505,2035-06-29,14,4251.958430,4724.963037,0.000000,3670.074034,CPTY_A,19.394783
506,2035-07-13,14,2997.041436,3255.770147,0.000000,4321.900673,CPTY_A,19.433139
507,2035-07-27,14,5774.736181,6319.497700,0.000000,8009.024145,CPTY_A,19.471495
508,2035-08-10,14,5294.715326,5608.215467,0.000000,5842.593849,CPTY_A,19.509851
509,2035-08-24,14,3475.029221,3703.969368,-15799.884368,4148.307576,CPTY_A,19.548207
510,2035-09-07,14,62.221311,72.466809,0.000000,105.555524,CPTY_A,19.586563
511,2035-09-21,14,86.749383,97.135041,0.000000,91.392306,CPTY_A,19.624920
512,2035-10-05,14,97.780477,110.811041,0.000000,111.730886,CPTY_A,19.663276
513,2035-10-19,14,69.839220,85.920460,0.000000,106.194096,CPTY_A,19.701632
514,2035-11-02,14,73.400115,83.024997,0.000000,73.302797,CPTY_A,19.739988
515,2035-11-16,14,80.957731,90.102959,0.000000,53.820692,CPTY_A,19.778344
516,2035-11-30,14,60.810327,69.463669,0.000000,68.652048,CPTY_A,19.816700
517,2035-12-14,14,55.731897,63.430565,0.000000,62.349090,CPTY_A,19.855057
518,2035-12-28,14,63.942694,72.752630,0.000000,49.178779,CPTY_A,19.893413
519,2036-01-11,14,63.126279,71.526819,0.000000,59.836267,CPTY_A,19.931694
520,2036-01-25,14,68.512567,78.609924,0.000000,56.742814,CPTY_A,19.969945
521,2036-02-08,14,60.495953,69.644305,0.000000,57.522024,CPTY_A,20.008197
522,2036-02-22,14,43.120353,49.676848,45155.176914,45.920208,CPTY_A,20.046448
523,2036-03-07,14,0.000000,0.000000,0.000000,0.000000,CPTY_A,20.084699
524,2036-03-21,14,0.000000,0.000000,0.000000,0.000000,CPTY_A,20.122951
525,2036-04-04,14,0.000000,0.000000,0.000000,0.000000,CPTY_A,20.161202
526,2036-04-18,14,0.000000,0.000000,0.000000,0.000000,CPTY_A,20.199454
527,2036-05-02,14,0.000000,0.000000,0.000000,0.000000,CPTY_A,20.237705
528,2036-05-16,14,0.000000,0.000000,0.000000,0.000000,CPTY_A,20.275956
529,2036-05-30,14,0.000000,0.000000,0.000000,0.000000,CPTY_A,20.314208
530,2036-06-13,14,0.000000,0.000000,0.000000,0.000000,CPTY_A,20.352459
531,2036-06-27,14,0.000000,0.000000,0.000000,0.000000,CPTY_A,20.390710
532,2036-07-11,14,0.000000,0.000000,0.000000,0.000000,CPTY_A,20.428962
533,2036-07-25,14,0.000000,0.000000,0.000000,0.000000,CPTY_A,20.467213
534,2036-08-08,14,0.000000,0.000000,0.000000,0.000000,CPTY_A,20.505464
535,2036-08-22,14,0.000000,0.000000,0.000000,0.000000,CPTY_A,20.543716
536,2036-09-05,14,0.000000,0.000000,0.000000,0.000000,CPTY_A,20.581967
537,2036-09-19,14,0.000000,0.000000,0.000000,0.000000,CPTY_A,20.620219
538,2036-10-03,14,0.000000,0.000000,0.000000,0.000000,CPTY_A,20.658470
