CPTY_A 0 14 1324.05 6826.39 6826.39 1324.05 6826.39 0 0 [ 0.0149614; -0.00762981; -0.00366204; 0.00118068 ] [ 3.02016; 0.0506698; -0.0172042; 0.00409867 ]
CPTY_A 1 14 1036.1 6821.18 6821.18 24962.5 6821.18 -23926.4 0.0713907 [ 0.00784373; 0.00678476; -0.00157243; 8.26358e-07 ] [ 2.92969; 0.0872101; -0.00751515; -0.000752512 ]
CPTY_A 2 14 -2128.48 6398.29 6398.29 -2128.48 6398.29 0 0 [ -0.0178893; -0.0044914; 0.00226826; -0.000149506 ] [ 2.0896; 0.0638778; 0.00193557; -0.000431924 ]
CPTY_A 3 14 323.138 6397.23 6397.23 323.138 6397.23 0 0 [ 0.00587328; 0.00123957; -0.000136154; -0.000145008 ] [ 2.10393; 0.0618519; 0.00110397; -0.000342225 ]
CPTY_A 4 14 -419.712 6401.78 6401.78 -419.712 6401.78 0 0 [ 0.000685401; -0.00555385; -9.68916e-05; 0.000116208 ] [ 2.08236; 0.0720233; 0.00150904; -0.000702402 ]
CPTY_A 5 14 1612.81 6416.75 6416.75 1612.81 6416.75 0 0 [ 0.0143945; 0.000834259; -0.000708426; 4.9562e-06 ] [ 2.07932; 0.0609803; 0.00162306; -0.000435674 ]
CPTY_A 6 14 23.0198 6452.16 6452.16 23.0198 6452.16 0 0 [ 0.00836; -0.00214174; -0.00057953; 6.0672e-05 ] [ 2.04616; 0.0386303; 0.00303181; -0.000129408 ]
CPTY_A 7 14 -533.173 6385.82 6385.82 -533.173 6385.82 0 0 [ -0.0118765; 0.00240449; 0.000465782; -9.71292e-06 ] [ 2.03011; 0.0667878; -0.000785766; -0.000212228 ]
CPTY_A 8 14 -1164.78 6403.9 6403.9 -1164.78 6403.9 0 0 [ 0.000988419; -0.00186938; -0.000196175; 1.53554e-05 ] [ 1.98553; 0.0539167; 0.00194341; -7.99806e-05 ]
CPTY_A 9 14 -1009.42 6430.84 6430.84 -1009.42 6430.84 0 0 [ 0.00986736; -0.00450532; -0.000694061; 8.66446e-05 ] [ 1.99783; 0.0500969; 0.00192758; 2.7537e-05 ]
CPTY_A 10 14 -871.454 6422.55 6422.55 -871.454 6422.55 0 0 [ 0.00180949; 0.0171985; -5.57036e-05; -0.000225193 ] [ 2.0438; 0.0473303; -0.00041836; 8.46419e-05 ]
CPTY_A 11 14 -135.281 6425 6425 -135.281 6425 0 0 [ 0.0078154; 0.00431572; -0.000300938; -4.7412e-05 ] [ 2.04582; 0.038316; -0.000413558; 0.000169754 ]
CPTY_A 12 14 -169.682 6432.84 6432.84 -169.682 6432.84 0 0 [ -0.0302273; -0.00219381; 0.00114082; -7.01311e-06 ] [ 2.01472; 0.060775; 0.000401452; -1.57611e-05 ]
CPTY_A 13 14 -985.752 6423.62 6423.62 -985.752 6423.62 0 0 [ 0.0207222; 0.00244015; -0.000829482; -8.1253e-06 ] [ 2.03257; 0.0285625; -0.000489126; 0.000192054 ]
CPTY_A 14 14 705.189 6432.94 6432.94 -287516 6474.52 288221 725.095 [ -0.00219174; 0.000493575; 0.000181933; -1.63774e-05 ] [ 1.98995; 0.0564991; 0.00108896; -2.86775e-05 ]
CPTY_A 15 14 282.969 6030.73 6030.73 282.969 6030.73 0 0 [ 0.0848781; -0.00397878; -2.2753e-05; 3.20264e-07 ] [ 219.66; 0.611854; 2.66324e-05; -6.0668e-06 ]
CPTY_A 16 14 2144.07 6022.72 6022.72 2144.07 6022.72 0 0 [ -0.00239346; -0.000377531; 1.77176e-05; 1.1709e-07 ] [ 207.703; 0.758973; -0.000519472; -1.87736e-05 ]
CPTY_A 17 14 -306.849 6015.73 6015.73 -306.849 6015.73 0 0 [ 0.0385291; -0.00194075; -1.52294e-05; 1.01959e-07 ] [ 165.796; 0.329151; 0.00101966; 1.85827e-05 ]
CPTY_A 18 17 509.383 6644.6 6029.88 509.383 6644.6 0 0 [ -0.0897958; 0.00395258; 3.39722e-05; -3.12866e-07 ] [ 202.069; 0.547607; 0.000298107; 5.59075e-06 ]
CPTY_A 19 11 699.436 5314.79 5995.89 699.436 5314.79 0 0 [ -0.0498326; 0.000495371; 2.0744e-05; -2.31555e-08 ] [ 115.075; 0.212996; 0.00125558; 1.76792e-05 ]
CPTY_A 20 14 -3116.71 6063.22 6063.22 -3116.71 6063.22 0 0 [ -0.0280849; -0.00295996; -2.18731e-05; 2.70479e-07 ] [ 143.261; 0.505735; 0.000871225; -3.26793e-06 ]
CPTY_A 21 14 315.455 6019.45 6019.45 315.455 6019.45 0 0 [ 0.0759046; -0.0131487; -3.42244e-05; 1.09423e-06 ] [ 168.59; 0.28228; -0.000725206; 1.44104e-05 ]
CPTY_A 22 14 -195.707 6045.54 6045.54 -195.707 6045.54 0 0 [ 0.112818; 0.00165796; -2.73326e-05; -1.56511e-07 ] [ 157.898; 0.499304; 0.000341672; -3.23812e-06 ]
CPTY_A 23 14 -151.01 6037.58 6037.58 -151.01 6037.58 0 0 [ 0.0848893; 0.00594526; -1.38681e-05; -5.04983e-07 ] [ 151.402; 0.399421; 0.000836731; 5.28292e-06 ]
CPTY_A 24 14 -454.841 6037.09 6037.09 -454.841 6037.09 0 0 [ 0.0948389; 0.00524207; -2.08408e-05; -3.5784e-07 ] [ 150.345; 0.444331; 0.000266925; -1.73836e-07 ]
CPTY_A 25 14 173.249 6022.16 6022.16 173.249 6022.16 0 0 [ 0.0252345; 0.00417112; 9.74065e-07; -3.68917e-07 ] [ 148.327; 0.447004; 0.000314814; -1.79671e-06 ]
CPTY_A 26 14 -136.452 6050.61 6050.61 -136.452 6050.61 0 0 [ -0.0220548; -0.00215217; 2.17865e-06; 1.41085e-07 ] [ 143.84; 0.517171; 0.000313722; -3.96301e-06 ]
CPTY_A 27 14 -770.72 6039.66 6039.66 287431 6241.34 -288202 1547.66 [ 0.0315962; 0.00336927; -7.14767e-06; -3.29257e-07 ] [ 138.838; 0.362046; 0.000487277; 2.68934e-06 ]
CPTY_A 28 14 -2323.87 5661.14 5661.14 -2323.87 5661.14 0 0 [ -0.000828035; 0.00205859; -7.80895e-05; -1.85324e-05 ] [ 1.45769; 0.0385367; 0.000707326; 4.20721e-05 ]
CPTY_A 29 18 -519.884 6418.69 5660.75 -519.884 6418.69 0 0 [ -0.00386267; -0.00108045; 5.06676e-05; 2.20264e-06 ] [ 1.93447; 0.0558731; 8.50237e-05; 4.65216e-05 ]
CPTY_A 30 10 54.1863 4808.47 5689.46 54.1863 4808.47 0 0 [ 0.00130652; 0.00351399; 7.75736e-06; -1.84512e-05 ] [ 1.06647; 0.0304708; 0.000429531; 1.80555e-05 ]
CPTY_A 31 14 761.534 5629.93 5629.93 761.534 5629.93 0 0 [ 0.00662016; -0.0013821; -5.93138e-05; 1.1638e-06 ] [ 1.52082; 0.0426077; -0.000578142; 2.88221e-05 ]
CPTY_A 32 14 -342.67 5671.17 5671.17 -342.67 5671.17 0 0 [ -0.00598808; -0.00076381; 8.47103e-05; 2.94268e-06 ] [ 1.47297; 0.038868; 0.000468391; 4.07903e-05 ]
CPTY_A 33 14 -374.252 5659.07 5659.07 -374.252 5659.07 0 0 [ 0.00227781; 0.000575073; -5.20397e-05; -3.23129e-06 ] [ 1.48824; 0.0467598; 0.000117949; 2.26915e-06 ]
CPTY_A 34 14 -183.502 5650.36 5650.36 -183.502 5650.36 0 0 [ -0.000552037; 0.000183245; -2.08858e-05; 3.6605e-06 ] [ 1.48372; 0.0480454; 0.000177275; -1.74867e-05 ]
CPTY_A 35 14 -996.699 5643.35 5643.35 -996.699 5643.35 0 0 [ -0.00907453; -0.000478693; 9.41904e-05; 2.07757e-06 ] [ 1.47768; 0.0514986; 0.000199888; -3.38803e-05 ]
CPTY_A 36 14 -298.246 5696.62 5696.62 -298.246 5696.62 0 0 [ -0.0125104; 0.000345428; 0.000184696; -1.2041e-06 ] [ 1.4719; 0.0540241; 0.000834054; -4.04382e-05 ]
CPTY_A 37 14 -761.512 5679.17 5679.17 -761.512 5679.17 0 0 [ 0.0049764; 0.00413094; -6.12759e-05; -2.07717e-05 ] [ 1.48273; 0.0330463; 0.000130031; 8.23087e-05 ]
CPTY_A 38 14 -666.766 5674.9 5674.9 -666.766 5674.9 0 0 [ 0.0144217; 0.00244778; -0.000252922; -5.39673e-06 ] [ 1.49409; 0.0404511; 0.000104321; 3.58521e-05 ]
CPTY_A 39 14 -289.342 5807.15 5807.15 -289.342 5807.15 0 0 [ 0.0111294; -0.00198498; -0.000239018; 1.6972e-05 ] [ 1.51468; 0.0418283; 0.000703763; 7.09184e-05 ]
CPTY_A 40 14 -434.275 5562.23 5562.23 -290462 5974.26 290027 2190.65 [ 0.00940753; -0.00355146; -0.000179252; 1.32537e-05 ] [ 1.41481; 0.0519777; 0.000538912; -2.58341e-05 ]
CPTY_A 41 14 780.774 5300.04 5300.04 780.774 5300.04 0 0 [ 0.00730698; -0.00283964; -1.68652e-06; 2.27082e-07 ] [ 76.783; 0.395563; 0.000501725; -2.71396e-06 ]
CPTY_A 42 14 2493.96 5319.03 5319.03 2493.96 5319.03 0 0 [ 0.0505624; 0.00134472; 4.63586e-06; -1.05491e-07 ] [ 79.7823; 0.384214; 0.000171767; 9.22091e-07 ]
CPTY_A 43 14 254.062 5292.91 5292.91 254.062 5292.91 0 0 [ 0.0448051; 0.00675408; 2.50051e-06; -4.77965e-07 ] [ 87.9258; 0.362717; 5.66182e-05; 1.75017e-06 ]
CPTY_A 44 17 -248.881 5807.46 5270.18 -248.881 5807.46 0 0 [ 0.0083537; 0.00299991; 3.43349e-06; -2.87187e-07 ] [ 104.623; 0.402471; 0.000146654; 3.99873e-06 ]
CPTY_A 45 11 224.922 4680.23 5280.01 224.922 4680.23 0 0 [ 0.00735925; 0.0014632; 3.14533e-06; -1.51854e-07 ] [ 65.4397; 0.32555; 0.00028317; -2.49644e-06 ]
CPTY_A 46 14 -2803.53 5269.16 5269.16 -2803.53 5269.16 0 0 [ -0.087988; -0.00462743; -5.79863e-06; 4.24847e-07 ] [ 81.5227; 0.336079; 0.000519611; 1.8466e-06 ]
CPTY_A 47 14 -162.586 5295.92 5295.92 -162.586 5295.92 0 0 [ -0.0773671; 0.000708802; 2.01603e-05; -4.76352e-08 ] [ 71.0459; 0.315621; 0.000446072; 1.76967e-06 ]
CPTY_A 48 14 -253.003 5267.39 5267.39 -253.003 5267.39 0 0 [ 0.02486; 0.000817605; -6.00833e-06; -8.08364e-08 ] [ 69.0993; 0.378071; 0.000447587; -4.78488e-06 ]
CPTY_A 49 14 4.72134 5281.23 5281.23 4.72134 5281.23 0 0 [ -0.033696; -0.000476527; 7.7545e-06; 4.65058e-08 ] [ 66.7607; 0.291847; 0.000481894; 3.24924e-06 ]
CPTY_A 50 14 -1162.8 5279.23 5279.23 -1162.8 5279.23 0 0 [ -0.0462447; 0.00161056; 1.02365e-05; -1.98103e-07 ] [ 65.2841; 0.321375; 0.000640893; 2.45565e-07 ]
CPTY_A 51 14 -233.343 5281.22 5281.22 -233.343 5281.22 0 0 [ -0.0774891; -0.00368873; 1.27869e-05; 2.92768e-07 ] [ 60.9624; 0.319229; 0.000727614; -4.87961e-07 ]
CPTY_A 52 14 -316.052 5259.36 5259.36 -316.052 5259.36 0 0 [ -0.0344581; 0.00118997; 1.01902e-05; -9.90573e-08 ] [ 61.1768; 0.333322; 0.00019467; -4.09702e-06 ]
CPTY_A 53 14 -171.969 5313.16 5313.16 281524 5798.56 -281696 2332.71 [ 0.0378367; 0.0041862; -2.38008e-06; -3.61675e-07 ] [ 59.9418; 0.247947; 0.000170242; 5.41773e-06 ]
CPTY_A 54 18 -1120.33 5578.12 4919.44 -1120.33 5578.12 0 0 [ -0.00163956; 0.000335214; -6.30556e-05; 5.39764e-06 ] [ 1.50889; 0.0520556; 0.000258507; 2.34266e-05 ]
CPTY_A 55 10 -2.24451 4162.37 4924.99 -2.24451 4162.37 0 0 [ -0.00751522; 0.00244229; 0.000139213; -1.1115e-05 ] [ 0.84519; 0.030789; 0.00017007; 2.59786e-06 ]
CPTY_A 56 14 151.438 4947.66 4947.66 151.438 4947.66 0 0 [ 0.0056927; -0.00186214; -0.000112209; 1.0384e-05 ] [ 1.17059; 0.0425785; 0.00040974; 1.98434e-05 ]
CPTY_A 57 14 1231.91 4930.43 4930.43 1231.91 4930.43 0 0 [ 0.00314886; -0.00134944; 3.36808e-06; 3.07424e-06 ] [ 1.1526; 0.0468231; 0.000520371; 5.3523e-06 ]
CPTY_A 58 14 100.564 4932.38 4932.38 100.564 4932.38 0 0 [ -0.000805922; -0.00374579; -5.47098e-05; 1.59822e-05 ] [ 1.15268; 0.048318; 0.000418283; -2.0445e-06 ]
CPTY_A 59 14 -984.5 4930.65 4930.65 -984.5 4930.65 0 0 [ -0.000174937; -2.95766e-05; 2.27003e-06; -5.37638e-06 ] [ 1.1579; 0.0340157; 0.000158135; 4.0331e-05 ]
CPTY_A 60 14 -523.275 4934.49 4934.49 -523.275 4934.49 0 0 [ -0.00194405; 0.000936158; 2.84529e-05; -4.99988e-06 ] [ 1.17324; 0.0458949; 0.000294151; -1.06726e-05 ]
CPTY_A 61 14 -337.711 4932.53 4932.53 -337.711 4932.53 0 0 [ -0.00491133; 0.00246818; 7.10809e-05; -7.36928e-06 ] [ 1.19997; 0.0472288; 1.73602e-05; -1.60459e-05 ]
CPTY_A 62 14 -1677.39 4942.94 4942.94 -1677.39 4942.94 0 0 [ 0.0051021; -0.000263342; -0.000101627; -2.08955e-06 ] [ 1.18529; 0.038151; 2.7704e-05; 2.80639e-05 ]
CPTY_A 63 14 -834.907 4962.97 4962.97 -834.907 4962.97 0 0 [ 0.000647346; -0.000845661; -4.74611e-05; 2.64058e-06 ] [ 1.17663; 0.0548325; 0.000648643; -3.5603e-05 ]
CPTY_A 64 14 -1762.38 4948.79 4948.79 -1762.38 4948.79 0 0 [ -0.00311722; -0.00114883; 2.25771e-05; -5.53238e-06 ] [ 1.18292; 0.0538121; 0.000529468; -3.18347e-05 ]
CPTY_A 65 14 -129.643 4956.04 4956.04 -129.643 4956.04 0 0 [ -0.0112578; 0.00308967; 0.000136432; -6.74551e-06 ] [ 1.20148; 0.0507725; 0.000437066; -1.84435e-05 ]
CPTY_A 66 14 -491.939 4924.02 4924.02 -280709 5785 280217 2948.32 [ 0.00640946; -0.000273447; -4.74543e-05; -4.78864e-06 ] [ 1.15785; 0.0488958; 0.000713932; -1.75473e-05 ]
CPTY_A 67 14 1284.75 4602.09 4602.09 1284.75 4602.09 0 0 [ 0.0443782; 0.000564942; -1.05756e-05; 1.41283e-07 ] [ 36.7123; 0.277654; 0.00064321; -1.03803e-06 ]
CPTY_A 68 14 2040.96 4585.09 4585.09 2040.96 4585.09 0 0 [ 0.013947; -0.00269886; 1.32717e-07; 2.89681e-07 ] [ 38.1589; 0.286174; 0.000539579; -1.99042e-06 ]
CPTY_A 69 14 663.803 4579.7 4579.7 663.803 4579.7 0 0 [ -0.0165842; 0.002759; 1.6654e-05; -2.5148e-07 ] [ 40.601; 0.303038; 0.000627402; -2.90189e-06 ]
CPTY_A 70 14 633.595 4576.37 4576.37 633.595 4576.37 0 0 [ -0.000926891; 0.00247021; 9.89796e-06; -1.88634e-07 ] [ 42.5607; 0.253799; 5.81636e-05; 2.26265e-06 ]
CPTY_A 71 14 900.146 4570.07 4570.07 900.146 4570.07 0 0 [ -0.13744; 0.000572669; 4.58426e-05; -5.18511e-08 ] [ 42.875; 0.352361; 0.000414314; -7.49515e-06 ]
CPTY_A 72 14 -1867.58 4585.82 4585.82 -1867.58 4585.82 0 0 [ -0.180867; 0.00246775; 4.36868e-05; -1.44711e-07 ] [ 43.5782; 0.316618; 0.000438289; -2.55213e-06 ]
CPTY_A 73 14 392.019 4611.91 4611.91 392.019 4611.91 0 0 [ 0.136163; 0.000259094; -3.92765e-05; 4.94012e-08 ] [ 38.918; 0.216073; 0.000546832; 6.56053e-06 ]
CPTY_A 74 14 213.017 4567.96 4567.96 213.017 4567.96 0 0 [ 0.174383; 0.00035013; -4.76009e-05; -4.44447e-08 ] [ 38.8215; 0.28304; 0.000662163; -1.15035e-06 ]
CPTY_A 75 14 -408.327 4589.53 4589.53 -408.327 4589.53 0 0 [ 0.0673748; -0.00220033; -2.74814e-05; 1.82993e-07 ] [ 38.5361; 0.273839; 0.000808558; 6.04369e-07 ]
CPTY_A 76 14 -474.776 4611.86 4611.86 -474.776 4611.86 0 0 [ 0.00835237; 0.00349893; 4.29842e-06; -2.91428e-07 ] [ 39.3714; 0.330291; 0.000602861; -5.56364e-06 ]
CPTY_A 77 14 551.374 4593.81 4593.81 551.374 4593.81 0 0 [ 0.0160417; -0.000731296; -4.10401e-06; 7.92905e-08 ] [ 39.0833; 0.24674; 3.10178e-05; 1.75228e-06 ]
CPTY_A 78 14 643.922 4661.04 4661.04 643.922 4661.04 0 0 [ 0.00404064; 0.0041027; 1.51489e-05; -3.91676e-07 ] [ 39.0083; 0.34831; 0.000694307; -3.56104e-06 ]
CPTY_A 79 14 -31.0934 4638.91 4638.91 278145 5380.64 -278176 2752.2 [ 0.00642238; 0.00015732; -3.42095e-06; 4.49997e-08 ] [ 40.3782; 0.303302; 0.000306794; -1.90062e-06 ]
CPTY_A 80 14 -858.963 4296.27 4296.27 -858.963 4296.27 0 0 [ 0.0028594; 0.0012815; -1.97717e-05; -7.28444e-06 ] [ 0.859705; 0.0440244; 0.000595278; 4.13307e-06 ]
CPTY_A 81 14 -2014.94 4265.24 4265.24 -2014.94 4265.24 0 0 [ -0.00641591; 0.00117771; 2.93226e-05; -5.29005e-06 ] [ 0.878609; 0.0428158; 0.000331242; -2.65159e-06 ]
CPTY_A 82 14 -211.979 4231.6 4231.6 -211.979 4231.6 0 0 [ 0.00152181; -0.00179209; -5.49039e-05; 5.99288e-06 ] [ 0.855166; 0.0412209; 0.000576864; -5.26497e-06 ]
CPTY_A 83 14 1530.48 4275.91 4275.91 1530.48 4275.91 0 0 [ 0.00868567; -0.00192806; -7.39718e-05; 6.39036e-06 ] [ 0.87984; 0.0347858; 0.000282167; 3.18068e-05 ]
CPTY_A 84 14 -643.975 4254.45 4254.45 -643.975 4254.45 0 0 [ -0.00246619; 0.00172604; 7.92149e-05; -1.12481e-05 ] [ 0.883862; 0.0328136; 2.00363e-05; 3.35046e-05 ]
CPTY_A 85 14 -546.028 4262.42 4262.42 -546.028 4262.42 0 0 [ -0.000344789; -0.00184883; -3.28295e-05; 4.28694e-06 ] [ 0.87578; 0.0491547; 0.000530615; -2.9174e-05 ]
CPTY_A 86 14 72.2285 4278.77 4278.77 72.2285 4278.77 0 0 [ 0.00401944; -0.000762021; -8.3811e-05; 6.11586e-06 ] [ 0.877395; 0.0432127; 0.000448137; -2.17565e-06 ]
CPTY_A 87 14 -130.251 4261.98 4261.98 -130.251 4261.98 0 0 [ -0.00774389; 0.00465461; 0.000182331; -1.77186e-05 ] [ 0.897025; 0.0364349; 6.62202e-06; 2.08671e-05 ]
CPTY_A 88 14 -366.03 4283.81 4283.81 -366.03 4283.81 0 0 [ -0.00799781; 0.00225279; 0.000114908; -7.67164e-06 ] [ 0.889852; 0.0476927; 0.000379199; -1.57382e-05 ]
CPTY_A 89 14 -1199.08 4253.96 4253.96 -1199.08 4253.96 0 0 [ 0.0126695; -0.00248912; -0.000205701; 6.69369e-06 ] [ 0.894964; 0.0427464; 0.000186695; -9.44425e-06 ]
CPTY_A 90 14 -53.7201 4300.49 4300.49 -53.7201 4300.49 0 0 [ 0.0137913; 0.000201464; -0.000167257; 2.63275e-06 ] [ 0.865658; 0.0477787; 0.000799108; -1.85041e-05 ]
CPTY_A 91 14 -514.162 4282.58 4282.58 -514.162 4282.58 0 0 [ -0.0227809; -0.00078241; 0.000220888; 1.14799e-07 ] [ 0.860482; 0.0461331; 0.000758157; -1.71728e-05 ]
CPTY_A 92 14 297.802 4267.36 4267.36 -274277 5489.82 274575 3476.57 [ -0.010739; 0.000899743; 0.000143182; -3.87585e-06 ] [ 0.877606; 0.0401351; 0.000356205; 9.03907e-06 ]
CPTY_A 93 14 -422.124 3919.09 3919.09 -422.124 3919.09 0 0 [ 0.0363662; -0.000938181; -1.50979e-05; 4.37989e-08 ] [ 29.2796; 0.23606; 0.00059265; 2.54149e-06 ]
CPTY_A 94 14 1697.32 3926.01 3926.01 1697.32 3926.01 0 0 [ 0.0131486; 0.00190162; 1.60702e-05; -2.61711e-07 ] [ 29.0413; 0.237074; 0.000497478; 2.39133e-06 ]
CPTY_A 95 14 -34.5486 3908.01 3908.01 -34.5486 3908.01 0 0 [ -0.0252274; 0.00301335; 1.93549e-05; -3.20353e-07 ] [ 30.9507; 0.26549; 0.000519599; -1.00004e-06 ]
CPTY_A 96 14 -202.882 3929.66 3929.66 -202.882 3929.66 0 0 [ 0.00546491; -0.000402723; -5.332e-06; 6.7481e-08 ] [ 31.695; 0.238389; 0.000189244; 2.64788e-06 ]
CPTY_A 97 14 640.512 3905.38 3905.38 640.512 3905.38 0 0 [ -0.0475958; 0.00222787; 2.52871e-05; -2.05175e-07 ] [ 29.9664; 0.242156; 0.000469411; 1.3414e-06 ]
CPTY_A 98 14 -1460.14 3995.08 3995.08 -1460.14 3995.08 0 0 [ -0.0507929; 0.00246471; 1.42681e-05; -2.13241e-07 ] [ 31.0218; 0.343025; 0.000963192; -4.39291e-06 ]
CPTY_A 99 14 -1228.18 3987.02 3987.02 -1228.18 3987.02 0 0 [ 0.00265159; -0.000598966; -6.78496e-06; -3.1076e-08 ] [ 30.0962; 0.301824; 0.000480986; -1.48859e-06 ]
CPTY_A 100 14 -272.241 3911.23 3911.23 -272.241 3911.23 0 0 [ -0.0553142; -0.00226209; 6.27028e-06; 2.38183e-07 ] [ 27.7598; 0.274693; 0.000466679; -4.14683e-06 ]
CPTY_A 101 14 141.289 3929.33 3929.33 141.289 3929.33 0 0 [ -0.00520273; 0.000313893; 7.06261e-07; 4.60834e-08 ] [ 27.2151; 0.195364; 0.000147611; 6.40559e-06 ]
CPTY_A 102 14 665.563 3951.33 3951.33 665.563 3951.33 0 0 [ -0.0280565; 0.00246803; 1.47539e-05; -5.24254e-08 ] [ 26.9169; 0.253822; 0.000582091; -6.42538e-07 ]
CPTY_A 103 14 -2106.93 3904.6 3904.6 -2106.93 3904.6 0 0 [ -0.0141496; -0.00198186; -8.60408e-06; 1.38582e-08 ] [ 26.7334; 0.246021; 0.000523517; -1.66689e-07 ]
CPTY_A 104 14 -204.13 3949.41 3949.41 -204.13 3949.41 0 0 [ 0.0210704; 0.000326272; -5.52716e-06; -6.49675e-08 ] [ 23.7799; 0.275916; 0.00111929; -3.56503e-06 ]
CPTY_A 105 14 1733.91 3943.92 3943.92 277465 4982.99 -275731 3048.51 [ 0.0559555; -0.00281149; -1.98972e-05; 3.08682e-07 ] [ 24.5591; 0.264403; 0.000744517; -3.90612e-06 ]
CPTY_A 106 14 -173.23 3614.82 3614.82 -173.23 3614.82 0 0 [ -0.000955784; 0.00345291; 9.38677e-05; -1.33075e-05 ] [ 0.620411; 0.0436492; 0.0006911; -2.3099e-05 ]
CPTY_A 107 18 -3986.02 4103.65 3619.08 -3986.02 4103.65 0 0 [ 0.00950759; -0.0042438; -0.000326019; 1.16801e-05 ] [ 0.814712; 0.0511518; 0.000598763; -1.19073e-05 ]
CPTY_A 108 10 -1573.49 3086.74 3652.28 -1573.49 3086.74 0 0 [ 0.00191387; -0.00163295; -5.18047e-05; -1.29058e-06 ] [ 0.474446; 0.0251229; 0.000128022; 1.8568e-05 ]
CPTY_A 109 14 3133.77 3586.83 3586.83 3133.77 3586.83 0 0 [ 0.00356663; 0.00313672; 0.000111716; -6.97061e-06 ] [ 0.64556; 0.0309019; 0.000162869; 3.1602e-05 ]
CPTY_A 110 14 1335.11 3566.04 3566.04 1335.11 3566.04 0 0 [ -0.00327509; 0.00252116; 0.000100166; -4.11554e-06 ] [ 0.629048; 0.0366534; 0.000312991; 1.53599e-06 ]
CPTY_A 111 14 -507.932 3605.5 3605.5 -507.932 3605.5 0 0 [ 0.00136145; 0.000643966; -1.49798e-05; -2.64876e-06 ] [ 0.631389; 0.041599; 0.000495452; -1.60528e-05 ]
CPTY_A 112 14 84.0979 3602.21 3602.21 84.0979 3602.21 0 0 [ -0.00736817; -0.000178827; 8.24277e-05; 4.12181e-07 ] [ 0.616483; 0.0403553; 0.000653899; -1.38985e-05 ]
CPTY_A 113 17 -699.424 3975.8 3607.98 -699.424 3975.8 0 0 [ -0.00283974; 0.000806888; 3.47396e-05; -3.78695e-06 ] [ 0.740061; 0.0459423; 0.000774618; -9.41136e-07 ]
CPTY_A 114 11 -579.228 3231.51 3645.63 -579.228 3231.51 0 0 [ -0.00104935; 0.00184347; 4.46881e-05; -7.35927e-06 ] [ 0.4956; 0.0358149; 0.000587865; -1.97426e-05 ]
CPTY_A 115 14 -21.0527 3595.11 3595.11 -21.0527 3595.11 0 0 [ -0.00452453; -0.000210501; 1.48562e-05; 3.62476e-06 ] [ 0.614397; 0.0371747; 0.000560936; 5.48793e-07 ]
CPTY_A 116 14 -997.061 3678.63 3678.63 -997.061 3678.63 0 0 [ 0.000292383; 0.000416199; -2.51612e-05; -1.71153e-06 ] [ 0.627002; 0.0500454; 0.000944097; -3.00225e-05 ]
CPTY_A 117 14 -919.019 3544.3 3544.3 -919.019 3544.3 0 0 [ 0.00278191; -0.00168733; -0.000120494; 7.55607e-06 ] [ 0.635114; 0.0313226; 0.000132158; 8.34713e-06 ]
CPTY_A 118 14 805.825 3575.16 3575.16 -269096 5262.91 269902 3914.07 [ 0.000815495; 0.00148787; 1.57155e-05; -9.85805e-07 ] [ 0.625223; 0.0394415; 0.000534568; -1.31694e-05 ]
CPTY_A 119 14 -330.611 3262.22 3262.22 -330.611 3262.22 0 0 [ -0.0234762; -0.000532888; 8.22527e-06; -7.42366e-08 ] [ 22.8444; 0.226479; 0.000469467; 1.11202e-06 ]
CPTY_A 120 14 1786.17 3247.08 3247.08 1786.17 3247.08 0 0 [ 0.0704226; -0.000991866; -1.24173e-05; 5.76423e-08 ] [ 22.9244; 0.249922; 0.000432527; -2.78616e-06 ]
CPTY_A 121 14 598.663 3259.72 3259.72 598.663 3259.72 0 0 [ -0.0161925; -0.000976088; 3.26271e-06; 1.01642e-07 ] [ 24.1158; 0.244432; 0.000525744; -4.26383e-07 ]
CPTY_A 122 14 373.07 3293.77 3293.77 373.07 3293.77 0 0 [ -0.035991; -0.00171225; 3.64902e-06; 1.67642e-07 ] [ 23.9109; 0.23418; 0.000717691; 2.33327e-06 ]
CPTY_A 123 14 671.185 3241.31 3241.31 671.185 3241.31 0 0 [ -0.0344521; 0.00262679; 2.80388e-05; -2.92395e-07 ] [ 24.9012; 0.25455; 0.000470482; -1.56671e-06 ]
CPTY_A 124 14 -2137.6 3300.75 3300.75 -2137.6 3300.75 0 0 [ -0.0889074; 0.00380233; 2.38319e-05; -2.59041e-07 ] [ 26.8714; 0.251057; 0.00022646; 1.40957e-06 ]
CPTY_A 125 14 -76.9094 3269.34 3269.34 -76.9094 3269.34 0 0 [ 0.0555238; -0.00166317; -2.54244e-05; 1.88409e-07 ] [ 22.7382; 0.257094; 0.000706206; -2.3271e-06 ]
CPTY_A 126 17 398.478 3622.84 3287.67 398.478 3622.84 0 0 [ 0.00722674; -0.00168194; -1.11783e-05; 2.33749e-07 ] [ 26.7904; 0.28552; 0.000945595; 5.61935e-07 ]
CPTY_A 127 11 400.862 2935.31 3311.48 400.862 2935.31 0 0 [ -0.0675019; 0.000249691; 2.20981e-05; -1.89224e-08 ] [ 18.199; 0.225631; 0.000655037; -3.00086e-06 ]
CPTY_A 128 14 -146.605 3247.22 3247.22 -146.605 3247.22 0 0 [ -0.0174312; 0.00350744; 2.29263e-05; -3.65926e-07 ] [ 23.5948; 0.236165; 0.000361665; -9.13853e-07 ]
CPTY_A 129 14 -468.023 3292.67 3292.67 -468.023 3292.67 0 0 [ 0.0316246; -0.000866749; -1.85431e-05; 1.38907e-07 ] [ 23.3765; 0.216376; 0.000344675; 2.88344e-06 ]
CPTY_A 130 14 196.051 3282.47 3282.47 196.051 3282.47 0 0 [ 0.0310936; -0.000795151; -1.21613e-05; 9.07557e-08 ] [ 22.6716; 0.26311; 0.000618253; -2.79398e-06 ]
CPTY_A 131 14 -151.904 3301.19 3301.19 263813 4541.74 -263965 3150.52 [ -0.0198659; -0.000290398; 9.36577e-07; 7.12391e-08 ] [ 22.9548; 0.216076; 0.000427389; 1.16873e-06 ]
CPTY_A 132 14 265.452 2988.53 2988.53 265.452 2988.53 0 0 [ 0.00594404; -0.00163473; -0.000159048; 1.08784e-05 ] [ 0.446883; 0.0340611; 0.000497293; 6.93238e-08 ]
CPTY_A 133 14 -920.252 3001.73 3001.73 -920.252 3001.73 0 0 [ -0.0174806; 0.00276908; 0.000281277; -1.26132e-05 ] [ 0.446881; 0.0336714; 0.000529991; 8.06097e-07 ]
CPTY_A 134 14 -100.003 3009.88 3009.88 -100.003 3009.88 0 0 [ 0.00503582; -0.00028478; -7.33337e-05; 1.01811e-06 ] [ 0.428914; 0.0382705; 0.000989659; -2.06309e-05 ]
CPTY_A 135 14 1822.15 3004.5 3004.5 1822.15 3004.5 0 0 [ 0.00561456; 0.00013123; 3.23511e-05; -2.47663e-06 ] [ 0.443807; 0.0348204; 0.000610352; -1.03777e-06 ]
CPTY_A 136 14 -29.9983 2964.63 2964.63 -29.9983 2964.63 0 0 [ 0.00147586; -0.000429648; -5.11606e-05; 3.40322e-06 ] [ 0.45141; 0.0300013; 0.000163322; 1.38926e-05 ]
CPTY_A 137 14 615.223 3006.66 3006.66 615.223 3006.66 0 0 [ 0.00659425; -0.000490947; -0.000120451; 6.56517e-06 ] [ 0.434718; 0.039158; 0.000836879; -2.32021e-05 ]
CPTY_A 138 14 -103.224 3027.83 3027.83 -103.224 3027.83 0 0 [ -0.00237316; 0.00010946; 2.37895e-05; -4.03943e-08 ] [ 0.437314; 0.036163; 0.000718221; -7.10774e-06 ]
CPTY_A 139 14 -507.816 3004.35 3004.35 -507.816 3004.35 0 0 [ 0.000602221; 0.00179134; 3.25288e-05; -7.22207e-06 ] [ 0.439896; 0.0357415; 0.000578617; -6.07704e-06 ]
CPTY_A 140 14 -349.096 3037.45 3037.45 -349.096 3037.45 0 0 [ -8.2631e-05; -0.000172233; -4.02693e-05; 2.65019e-06 ] [ 0.451981; 0.0313382; 0.000337778; 2.06124e-05 ]
CPTY_A 141 14 -426.104 2985.86 2985.86 -426.104 2985.86 0 0 [ 0.00141021; -0.000518822; -7.84175e-05; 4.53571e-06 ] [ 0.44762; 0.0304137; 0.000271405; 1.33408e-05 ]
CPTY_A 142 14 -152.963 3000.52 3000.52 -152.963 3000.52 0 0 [ -0.00196843; 0.000284079; 9.38182e-06; 4.24868e-07 ] [ 0.421189; 0.0355833; 0.000898573; -1.39696e-05 ]
CPTY_A 143 14 114.181 2986.7 2986.7 114.181 2986.7 0 0 [ 0.00208255; -0.00112781; -9.97252e-05; 8.15023e-06 ] [ 0.439886; 0.038313; 0.000730568; -2.60784e-05 ]
CPTY_A 144 14 -434.298 2962.09 2962.09 -261329 5186.83 260895 4241.4 [ 0.00842246; -0.00132935; -0.000184159; 7.32455e-06 ] [ 0.456022; 0.0295009; 3.2607e-05; 1.7393e-05 ]
CPTY_A 145 14 126.058 2649.91 2649.91 126.058 2649.91 0 0 [ 0.0112992; -0.00113687; -7.09339e-06; 8.0348e-08 ] [ 21.363; 0.245202; 0.000479144; -8.56062e-07 ]
CPTY_A 146 14 1614.32 2658.43 2658.43 1614.32 2658.43 0 0 [ 0.019033; 5.71817e-05; 1.24599e-05; -1.08392e-07 ] [ 21.2558; 0.225213; 0.000404479; 1.43729e-06 ]
CPTY_A 147 14 506.229 2665.77 2665.77 506.229 2665.77 0 0 [ -0.0187121; -0.000901856; 4.38594e-06; 4.59279e-08 ] [ 22.4152; 0.289531; 0.000907584; -3.57676e-06 ]
CPTY_A 148 14 2513.01 2654.57 2654.57 2513.01 2654.57 0 0 [ 0.14528; 0.00163056; -2.83914e-05; 1.62631e-07 ] [ 24.264; 0.244127; 0.000263905; 6.84987e-07 ]
CPTY_A 149 14 3324.4 2686.9 2686.9 3324.4 2686.9 0 0 [ -0.043988; 0.00658412; 5.06989e-05; -3.15763e-07 ] [ 26.013; 0.243412; 0.00034639; 2.02626e-06 ]
CPTY_A 150 14 -4676.77 2650.87 2650.87 -4676.77 2650.87 0 0 [ -0.0526054; -0.00436905; -3.30873e-05; 2.57702e-07 ] [ 20.8726; 0.227809; 0.000424668; 1.02289e-06 ]
CPTY_A 151 14 -2061.15 2682.02 2682.02 -2061.15 2682.02 0 0 [ -0.0353179; -0.00242207; -6.02985e-06; 2.14501e-08 ] [ 24.0553; 0.278453; 0.000758936; -1.37526e-06 ]
CPTY_A 152 18 -1839.59 3026.46 2669.08 -1839.59 3026.46 0 0 [ -0.131213; -0.00121933; 2.79664e-05; -1.24949e-07 ] [ 28.0566; 0.36568; 0.000974219; -4.17859e-06 ]
CPTY_A 153 10 -78.3789 2244.71 2655.97 -78.3789 2244.71 0 0 [ -0.0238721; -0.000548993; 4.38782e-06; 1.94308e-08 ] [ 14.1524; 0.169684; 0.000378386; -5.13289e-07 ]
CPTY_A 154 14 -425.067 2655.6 2655.6 -425.067 2655.6 0 0 [ -0.0242634; 0.00242288; 2.22431e-05; -2.87547e-07 ] [ 19.4286; 0.231098; 0.00056355; -3.49574e-07 ]
CPTY_A 155 14 -557.135 2665.21 2665.21 -557.135 2665.21 0 0 [ -0.0265453; 0.000308249; 7.289e-06; -6.09662e-08 ] [ 19.1297; 0.235181; 0.000609137; -1.06958e-06 ]
CPTY_A 156 14 253.817 2684.7 2684.7 253.817 2684.7 0 0 [ 0.0539704; -0.00262233; -3.19434e-05; 3.01586e-07 ] [ 18.4068; 0.211906; 0.000548826; 1.72589e-06 ]
CPTY_A 157 14 -580.257 2706.98 2706.98 263198 4293 -263778 3307.51 [ -0.0690305; 0.00232605; 3.4323e-05; -3.05401e-07 ] [ 18.8542; 0.257143; 0.000856748; -3.09392e-06 ]
CPTY_A 158 14 114.397 2414.39 2414.39 114.397 2414.39 0 0 [ -0.00574817; 0.000727597; 0.000150712; -5.93618e-06 ] [ 0.286688; 0.0264852; 0.000318074; 2.09047e-05 ]
CPTY_A 159 14 -1355.64 2397.14 2397.14 -1355.64 2397.14 0 0 [ -0.00650589; 0.00156048; 6.33434e-05; -5.07175e-06 ] [ 0.273283; 0.0303328; 0.000793593; -1.58759e-05 ]
CPTY_A 160 14 -240.866 2408.19 2408.19 -240.866 2408.19 0 0 [ 0.00215651; -0.000189971; -6.13221e-05; 1.65428e-06 ] [ 0.272835; 0.0324504; 0.000973072; -2.62943e-05 ]
CPTY_A 161 14 1714.05 2420.46 2420.46 1714.05 2420.46 0 0 [ 0.00370659; -0.00110318; 6.66716e-06; 3.71544e-06 ] [ 0.270055; 0.0309287; 0.000959993; -1.44426e-05 ]
CPTY_A 162 14 -724.604 2415.17 2415.17 -724.604 2415.17 0 0 [ -0.00169782; -0.000773231; 1.0984e-05; -1.11936e-06 ] [ 0.269429; 0.0309661; 0.000950024; -2.01614e-05 ]
CPTY_A 163 14 -10.5075 2408.6 2408.6 -10.5075 2408.6 0 0 [ 0.000820194; -0.00105578; -9.94978e-05; 8.88876e-06 ] [ 0.26838; 0.028023; 0.000749299; 1.66957e-06 ]
CPTY_A 164 14 388.664 2414.43 2414.43 388.664 2414.43 0 0 [ 0.00528819; -0.001456; -0.000207538; 1.46215e-05 ] [ 0.257301; 0.0310876; 0.00113145; -1.92934e-05 ]
CPTY_A 165 14 -483.991 2422.51 2422.51 -483.991 2422.51 0 0 [ -0.0108146; 0.0010135; 0.000227043; -8.92965e-06 ] [ 0.289032; 0.0293936; 0.000497763; -2.30868e-06 ]
CPTY_A 166 14 -437.207 2404.03 2404.03 -437.207 2404.03 0 0 [ -0.00880266; 0.00190568; 0.000221597; -1.18587e-05 ] [ 0.292431; 0.0258234; 0.000177415; 1.89865e-05 ]
CPTY_A 167 14 -597.169 2403.4 2403.4 -597.169 2403.4 0 0 [ 0.00709991; -0.000313624; -0.000208137; 6.64427e-06 ] [ 0.296017; 0.0241247; 2.15256e-05; 3.02649e-05 ]
CPTY_A 168 14 -516.736 2419.4 2419.4 -516.736 2419.4 0 0 [ -0.00143697; 0.00149739; 5.83498e-05; -7.04043e-06 ] [ 0.2814; 0.0304274; 0.000695444; -9.05715e-06 ]
CPTY_A 169 14 -406.42 2435.65 2435.65 -406.42 2435.65 0 0 [ -0.00385371; 0.000300478; 4.75546e-05; -1.3604e-06 ] [ 0.326009; 0.021573; -0.000635384; 6.57728e-05 ]
CPTY_A 170 14 159.62 2362.14 2362.14 -259845 5026.16 260004 4470.21 [ 0.00466349; -0.00118509; -0.000174968; 1.10823e-05 ] [ 0.256295; 0.0264982; 0.000864899; -7.056e-06 ]
CPTY_A 171 14 105.392 2058.22 2058.22 105.392 2058.22 0 0 [ -0.0174345; 0.00130255; 1.94251e-05; -1.93659e-07 ] [ 15.7307; 0.210585; 0.00055604; 8.34768e-08 ]
CPTY_A 172 14 1856.09 2039.54 2039.54 1856.09 2039.54 0 0 [ -0.0237396; 0.000817231; 3.53091e-05; -2.02365e-07 ] [ 14.7811; 0.219906; 0.000852727; -1.49965e-06 ]
CPTY_A 173 14 232.139 2050.65 2050.65 232.139 2050.65 0 0 [ 0.0610388; -0.00269282; -3.18262e-05; 2.48633e-07 ] [ 18.338; 0.213532; 0.000264551; 9.73393e-07 ]
CPTY_A 174 14 -879.544 2082.18 2082.18 -879.544 2082.18 0 0 [ -0.0690185; -5.98443e-05; 1.73183e-05; -9.5725e-08 ] [ 18.0976; 0.227023; 0.000495444; 1.11289e-06 ]
CPTY_A 175 14 144.707 2068.93 2068.93 144.707 2068.93 0 0 [ -0.0103327; -0.00140128; 2.25145e-07; 4.52089e-08 ] [ 16.6544; 0.218741; 0.000603458; 3.83984e-07 ]
CPTY_A 176 14 -1902.5 2059.49 2059.49 -1902.5 2059.49 0 0 [ -0.022052; 0.000655219; -1.4913e-05; 8.21709e-08 ] [ 16.7122; 0.218087; 0.000585908; 1.06369e-07 ]
CPTY_A 177 14 19.7212 2081.18 2081.18 19.7212 2081.18 0 0 [ 0.0320236; -0.0022577; -2.76752e-05; 2.61378e-07 ] [ 15.745; 0.204836; 0.000330913; 1.61929e-06 ]
CPTY_A 178 14 43.6953 2062.29 2062.29 43.6953 2062.29 0 0 [ -0.0785354; 0.00161365; 3.83274e-05; -2.21602e-07 ] [ 15.0905; 0.203511; 0.000463686; 7.82211e-07 ]
CPTY_A 179 14 -53.1566 2077.95 2077.95 -53.1566 2077.95 0 0 [ -0.0550103; 0.000794013; 2.4101e-05; -1.27396e-07 ] [ 15.7078; 0.190566; 0.000204068; 2.83812e-06 ]
CPTY_A 180 14 -501.693 2052.03 2052.03 -501.693 2052.03 0 0 [ -0.0463774; -0.000296234; 1.34827e-05; -6.25781e-08 ] [ 15.0716; 0.201252; 0.000400957; 5.20066e-07 ]
CPTY_A 181 14 -592.204 2069.25 2069.25 -592.204 2069.25 0 0 [ 0.0715807; 0.000185612; -2.94736e-05; 6.28693e-08 ] [ 13.9191; 0.236291; 0.000970717; -3.53652e-06 ]
CPTY_A 182 14 -62.5892 2123 2123 -62.5892 2123 0 0 [ 0.0407176; -0.00181485; -2.76975e-05; 2.1335e-07 ] [ 13.8355; 0.217595; 0.000826107; 1.83494e-07 ]
CPTY_A 183 14 -227.419 2055.1 2055.1 258505 3945.88 -258733 3359.24 [ 0.00972578; -0.000972792; -1.08964e-05; 8.6044e-08 ] [ 15.1647; 0.172095; -2.77014e-05; 1.8753e-06 ]
CPTY_A 184 14 -607.005 1788.96 1788.96 -607.005 1788.96 0 0 [ -0.00580425; 0.00118448; 0.000266961; -1.89692e-05 ] [ 0.168475; 0.0226579; 0.000353618; -2.24252e-06 ]
CPTY_A 185 18 -1472.8 2059.33 1816.16 -1472.8 2059.33 0 0 [ -0.00723192; 0.000421331; 2.14376e-05; 9.48511e-07 ] [ 0.188432; 0.0294014; 0.00144444; -2.35668e-05 ]
CPTY_A 186 10 -389.025 1539.06 1821.04 -389.025 1539.06 0 0 [ 0.00062773; 0.000877463; 3.49057e-05; -8.06105e-06 ] [ 0.11139; 0.0153469; 0.000545551; 2.52833e-06 ]
CPTY_A 187 14 1042.94 1806.59 1806.59 1042.94 1806.59 0 0 [ 0.00190835; -0.000464693; 0.000110269; -5.72053e-06 ] [ 0.156119; 0.0221121; 0.000779839; -4.3932e-06 ]
CPTY_A 188 14 -192.375 1807.21 1807.21 -192.375 1807.21 0 0 [ 0.00456859; -0.000456469; -0.000179362; 7.23476e-06 ] [ 0.163371; 0.0215394; 0.000520147; 4.2333e-06 ]
CPTY_A 189 14 -59.3977 1821.09 1821.09 -59.3977 1821.09 0 0 [ -0.00048431; -9.25851e-05; -6.18009e-06; 1.16833e-06 ] [ 0.162393; 0.0226096; 0.000679153; -3.8766e-06 ]
CPTY_A 190 14 -89.9146 1824.46 1824.46 -89.9146 1824.46 0 0 [ -0.000870873; -0.000292544; -1.21906e-05; 2.48339e-06 ] [ 0.146436; 0.0237703; 0.00115923; -1.8734e-05 ]
CPTY_A 191 14 -577.706 1813.55 1813.55 -577.706 1813.55 0 0 [ -0.00518992; 0.000329361; 0.000111671; -4.85344e-06 ] [ 0.160117; 0.0202961; 0.000518477; 1.41372e-05 ]
CPTY_A 192 14 -490.066 1855.78 1855.78 -490.066 1855.78 0 0 [ 0.00321605; -0.000879491; -0.000229412; 1.27139e-05 ] [ 0.15907; 0.0206672; 0.000642587; 2.25704e-05 ]
CPTY_A 193 14 -568.736 1830.83 1830.83 -568.736 1830.83 0 0 [ 0.00461485; -1.43757e-05; -0.000195893; 5.64365e-06 ] [ 0.168495; 0.0222929; 0.000520474; 5.06583e-06 ]
CPTY_A 194 14 -454.778 1832.27 1832.27 -454.778 1832.27 0 0 [ 0.000153122; 0.00120354; -8.32549e-06; -4.04134e-06 ] [ 0.162777; 0.0219281; 0.000649178; 5.63924e-06 ]
CPTY_A 195 14 -408.812 1796.95 1796.95 -408.812 1796.95 0 0 [ -0.00149447; 0.00066576; 1.3873e-05; -2.13748e-06 ] [ 0.1557; 0.0233382; 0.000908075; -1.99931e-05 ]
CPTY_A 196 14 -492.275 1760.4 1760.4 -255228 5051.59 254736 4745.91 [ 0.013565; -0.00130497; -0.000561896; 2.4685e-05 ] [ 0.151408; 0.0220885; 0.000785143; -1.40882e-05 ]
CPTY_A 197 14 55.3258 1499.02 1499.02 55.3258 1499.02 0 0 [ -0.0232571; -0.000485078; 7.35945e-06; 1.76661e-08 ] [ 8.94982; 0.199769; 0.00124047; -3.17095e-06 ]
CPTY_A 198 14 1735.5 1506.2 1506.2 1735.5 1506.2 0 0 [ -0.104152; -0.00127033; 6.85776e-05; -1.82305e-07 ] [ 9.13614; 0.18685; 0.00107429; -1.28297e-06 ]
CPTY_A 199 14 -276.19 1446.99 1446.99 -276.19 1446.99 0 0 [ -0.154576; 0.00017899; 6.71335e-05; -2.86319e-07 ] [ 11.2723; 0.181509; 0.000335096; -6.28971e-08 ]
CPTY_A 200 14 -429.865 1476.01 1476.01 -429.865 1476.01 0 0 [ -0.0555699; -0.00269566; -7.02431e-06; 2.51024e-07 ] [ 11.5355; 0.16039; 3.29283e-05; 3.72055e-06 ]
CPTY_A 201 14 523.586 1477.95 1477.95 523.586 1477.95 0 0 [ -0.11905; -0.00105061; 5.14711e-05; -9.74734e-08 ] [ 9.66071; 0.189936; 0.00097056; -2.02172e-06 ]
CPTY_A 202 14 71.548 1496.33 1496.33 71.548 1496.33 0 0 [ 0.0271052; 0.00235632; -6.69235e-06; -9.89762e-09 ] [ 10.9511; 0.171304; 0.000403435; 2.32447e-06 ]
CPTY_A 203 14 -1568.11 1468.68 1468.68 -1568.11 1468.68 0 0 [ 0.0639142; -0.000597432; -3.89504e-05; 3.5578e-08 ] [ 10.3663; 0.180068; 0.000674476; -6.33365e-07 ]
CPTY_A 204 14 -305.612 1476.95 1476.95 -305.612 1476.95 0 0 [ 0.0827225; 0.000925725; -3.81463e-05; 8.61764e-08 ] [ 8.51549; 0.194224; 0.00127363; -4.07376e-06 ]
CPTY_A 205 14 -256.19 1484.03 1484.03 -256.19 1484.03 0 0 [ 0.0586838; 0.00130552; -2.22104e-05; -1.23502e-08 ] [ 8.91174; 0.18913; 0.00100836; -2.84227e-06 ]
CPTY_A 206 14 -333.367 1478.3 1478.3 -333.367 1478.3 0 0 [ 0.116825; 0.000937429; -5.35366e-05; 1.15556e-07 ] [ 9.36088; 0.175657; 0.000568744; -3.16937e-07 ]
CPTY_A 207 14 -625.849 1481.45 1481.45 -625.849 1481.45 0 0 [ -0.0272728; 0.00123245; 1.30294e-05; -1.38199e-07 ] [ 9.1304; 0.162328; 0.000485717; 1.13698e-06 ]
CPTY_A 208 14 340.691 1479.83 1479.83 340.691 1479.83 0 0 [ -0.0176665; -0.000162515; 6.23061e-06; 5.96783e-08 ] [ 8.50756; 0.171179; 0.00074367; -1.22164e-06 ]
CPTY_A 209 14 967.806 1507.57 1507.57 256290 3728.87 -255322 3383.21 [ 0.0860494; -0.000851496; -2.77885e-05; 9.72841e-08 ] [ 8.69436; 0.160592; 0.000871444; -1.29215e-06 ]
CPTY_A 210 14 -74.1145 1220.11 1220.11 -74.1145 1220.11 0 0 [ 0.00686908; -0.000613407; -0.000495489; 2.7393e-05 ] [ 0.0909288; 0.0134795; -0.000695981; 6.71157e-05 ]
CPTY_A 211 14 -1081.38 1247.04 1247.04 -1081.38 1247.04 0 0 [ -0.0148876; 0.000879079; 0.000491267; -1.5965e-05 ] [ 0.056905; 0.01389; 0.00144569; -2.04013e-05 ]
CPTY_A 212 14 19.2718 1233 1233 19.2718 1233 0 0 [ -0.0101501; 0.00165747; 0.000758718; -4.59027e-05 ] [ 0.0887561; 0.0153662; -0.000327954; 4.11609e-05 ]
CPTY_A 213 14 1494.76 1237.67 1237.67 1494.76 1237.67 0 0 [ -0.000153131; 0.000574872; 0.000498581; -3.21006e-05 ] [ 0.0779862; 0.0153256; 0.000339665; 1.29744e-05 ]
CPTY_A 214 14 203.766 1221.44 1221.44 203.766 1221.44 0 0 [ -0.00520497; 0.000356346; 0.000322674; -1.37829e-05 ] [ 0.0714197; 0.0160744; 0.000698343; -1.54599e-05 ]
CPTY_A 215 14 303.577 1229.7 1229.7 303.577 1229.7 0 0 [ -0.0054081; 0.000210727; 0.000268407; -6.29531e-06 ] [ 0.0677308; 0.0161731; 0.00100423; -3.03198e-05 ]
CPTY_A 216 14 -142.487 1223.65 1223.65 -142.487 1223.65 0 0 [ -0.00119554; 0.000323632; 5.032e-05; -3.72894e-06 ] [ 0.0720388; 0.0154178; 0.000653424; -1.16501e-05 ]
CPTY_A 217 14 -281.412 1238.24 1238.24 -281.412 1238.24 0 0 [ -0.00227393; 0.000617942; 6.3593e-05; -4.10916e-06 ] [ 0.0655126; 0.0153341; 0.00102968; -1.9964e-05 ]
CPTY_A 218 14 -308.033 1230.1 1230.1 -308.033 1230.1 0 0 [ 0.00675487; 8.72334e-06; -0.000549073; 2.87289e-05 ] [ 0.0783518; 0.0142057; 0.000128064; 2.67927e-05 ]
CPTY_A 219 14 -288.276 1238.2 1238.2 -288.276 1238.2 0 0 [ -0.00210646; 0.00112009; 6.64898e-05; -6.3345e-06 ] [ 0.0693091; 0.0151804; 0.000787599; -7.40343e-06 ]
CPTY_A 220 14 -155.325 1246.73 1246.73 -155.325 1246.73 0 0 [ -0.00765572; 0.00118021; 0.000423916; -2.25045e-05 ] [ 0.0652943; 0.0150504; 0.00101771; -1.24145e-05 ]
CPTY_A 221 14 -150.197 1247.62 1247.62 -150.197 1247.62 0 0 [ 0.000210914; 2.18083e-06; -0.000162643; 1.31981e-05 ] [ 0.0692978; 0.0153318; 0.000842407; -8.06239e-06 ]
CPTY_A 222 14 -392.091 1152.81 1152.81 -248777 5122.47 248385 4991.73 [ -0.00170365; 0.000350125; 2.43224e-05; -2.52264e-06 ] [ 0.0578259; 0.0134981; 0.00103182; -3.36958e-05 ]
CPTY_A 223 14 215.336 907.751 907.751 215.336 907.751 0 0 [ 0.00382794; -0.001415; -4.76987e-06; 6.78808e-08 ] [ 9.98499; 0.158058; 0.000519242; 1.78058e-06 ]
CPTY_A 224 14 1729.99 913.724 913.724 1729.99 913.724 0 0 [ 0.106098; -0.00272382; -1.47377e-05; 1.27222e-07 ] [ 8.36292; 0.178906; 0.00131092; -1.51715e-06 ]
CPTY_A 225 14 449.567 908.026 908.026 449.567 908.026 0 0 [ -0.0344134; -0.000267823; 1.38109e-05; -7.99035e-09 ] [ 12.7971; 0.164245; -6.86752e-05; 3.55278e-06 ]
CPTY_A 226 14 -492.328 900.082 900.082 -492.328 900.082 0 0 [ 0.0181057; 0.00066863; -5.47521e-07; -9.4066e-08 ] [ 9.40642; 0.188008; 0.00104291; -1.78984e-06 ]
CPTY_A 227 14 30.7835 902.615 902.615 30.7835 902.615 0 0 [ 0.133412; -0.00305012; -5.15158e-05; 2.22325e-07 ] [ 10.9995; 0.171304; 0.000554859; 9.69141e-07 ]
CPTY_A 228 14 -1101.69 906.22 906.22 -1101.69 906.22 0 0 [ -0.0952652; 0.0025502; 3.07819e-05; -2.26613e-07 ] [ 12.2132; 0.16759; 0.000127019; 2.69057e-06 ]
CPTY_A 229 14 -1643.66 916.323 916.323 -1643.66 916.323 0 0 [ -0.106022; 0.00198711; 1.64831e-05; -1.36746e-07 ] [ 11.0606; 0.172651; 0.000516709; 1.85011e-06 ]
CPTY_A 230 14 -111.876 907.127 907.127 -111.876 907.127 0 0 [ 0.00164839; 0.000779981; 2.811e-06; -5.01273e-08 ] [ 9.67966; 0.136155; 0.0001464; 3.9724e-06 ]
CPTY_A 231 14 -29.2269 909.512 909.512 -29.2269 909.512 0 0 [ -0.0650919; 0.00141155; 3.58273e-05; -2.04171e-07 ] [ 8.77784; 0.166278; 0.000718023; 2.15241e-07 ]
CPTY_A 232 14 -325.937 907.139 907.139 -325.937 907.139 0 0 [ -0.0203377; 0.000652888; 1.05879e-05; -1.04219e-07 ] [ 9.24542; 0.162607; 0.000513132; 7.91187e-07 ]
CPTY_A 233 14 -287.067 911.821 911.821 -287.067 911.821 0 0 [ -0.010641; 6.30952e-05; -9.84847e-06; 9.50047e-08 ] [ 8.93001; 0.163362; 0.000531638; 9.37719e-07 ]
CPTY_A 234 14 -183.758 926.795 926.795 -183.758 926.795 0 0 [ 0.116831; -0.00194234; -6.10216e-05; 2.83545e-07 ] [ 8.43957; 0.185267; 0.000893327; -1.38454e-06 ]
CPTY_A 235 14 -221.54 906.29 906.29 247205 3476.74 -247426 3355.83 [ 0.00481846; -0.00089619; -1.25378e-05; 8.76102e-08 ] [ 9.29017; 0.134988; 0.000277509; 6.91027e-07 ]
CPTY_A 236 14 -3.7646 660.336 660.336 -3.7646 660.336 0 0 [ 0.000452805; 0.00041601; -0.000193704; 1.67018e-05 ] [ 0.0163701; 0.00684814; 0.000794285; -1.26378e-05 ]
CPTY_A 237 14 -1562.27 671.887 671.887 -1562.27 671.887 0 0 [ -0.0108667; 0.000425933; 0.000732328; -5.32148e-05 ] [ 0.0211558; 0.0082389; 0.000189994; 2.00756e-05 ]
CPTY_A 238 18 53.7312 746.25 658.13 53.7312 746.25 0 0 [ -0.0028085; -0.00095807; 0.000219555; 5.82425e-06 ] [ 0.0202634; 0.00955973; 0.00131948; -5.24406e-05 ]
CPTY_A 239 10 1581.61 566.708 670.538 1581.61 566.708 0 0 [ 0.000419068; -0.00269836; 0.000750441; -2.30836e-05 ] [ 0.0113646; 0.00506173; 0.000720532; -1.89403e-05 ]
CPTY_A 240 14 -149.671 661.786 661.786 -149.671 661.786 0 0 [ -0.00300699; -0.000168004; 0.000560655; -4.69853e-05 ] [ 0.0182292; 0.0074965; 0.000553707; -3.83496e-06 ]
CPTY_A 241 14 -5.62053 667.016 667.016 -5.62053 667.016 0 0 [ 0.00266612; 0.000641904; -0.000371534; 1.8031e-05 ] [ 0.0164521; 0.00739699; 0.000896143; -2.55926e-05 ]
CPTY_A 242 14 -58.5738 665.662 665.662 -58.5738 665.662 0 0 [ -0.008176; -7.26822e-05; 0.00119411; -7.94852e-05 ] [ 0.0217923; 0.00677043; -0.000160571; 6.30579e-05 ]
CPTY_A 243 14 261.193 721.797 721.797 261.193 721.797 0 0 [ -0.00524707; -0.00159545; 0.00023248; 3.62014e-05 ] [ 0.0152363; 0.00865988; 0.0014227; -4.26038e-05 ]
CPTY_A 244 14 -684.38 611.417 611.417 -684.38 611.417 0 0 [ 0.0024751; 0.00234565; -0.000627162; 1.59526e-05 ] [ 0.0180455; 0.00608415; 0.000299623; -1.05204e-06 ]
CPTY_A 245 14 -29.1257 673.626 673.626 -29.1257 673.626 0 0 [ -0.00800363; -0.000820493; 0.00078284; -2.44784e-05 ] [ 0.0180296; 0.00682414; 0.000514561; 1.72653e-05 ]
CPTY_A 246 14 -245.72 664.013 664.013 -245.72 664.013 0 0 [ -0.00162569; 0.00100752; -7.65385e-05; 6.89279e-06 ] [ 0.0154674; 0.00730517; 0.00106027; -3.96657e-05 ]
CPTY_A 247 14 -383.622 670.497 670.497 -383.622 670.497 0 0 [ 0.000238991; 0.00142577; -0.000248969; 5.39374e-06 ] [ 0.0176697; 0.00685075; 0.000608617; 5.40844e-06 ]
CPTY_A 248 14 -333.51 581.773 581.773 -243793 5243.83 243460 5208.04 [ -0.00120912; 0.00186207; 5.46728e-05; -2.09695e-05 ] [ 0.0149366; 0.00519899; 0.000451023; -7.86543e-06 ]
CPTY_A 249 14 39.6208 594.507 594.507 39.6208 594.507 0 0 [ -0.0462036; -0.000670398; 3.11589e-05; -1.74028e-07 ] [ 17.0924; 0.256051; 6.88848e-05; 4.42424e-06 ]
CPTY_A 250 14 1557.64 329.024 329.024 1557.64 329.024 0 0 [ 0.149972; -0.00202085; 1.07565e-05; -7.01245e-08 ] [ 3.64901; 0.101418; 0.000701178; -1.17068e-06 ]
CPTY_A 251 14 236.154 335.328 335.328 236.154 335.328 0 0 [ 0.0569283; -0.00109729; -1.36705e-05; 5.8495e-08 ] [ 4.87326; 0.10442; 0.000365705; 3.89025e-07 ]
CPTY_A 252 14 202.528 331.186 331.186 202.528 331.186 0 0 [ 0.0578026; -0.00109647; -2.52792e-05; 1.51543e-07 ] [ 3.39114; 0.10313; 0.000813805; -1.31313e-06 ]
CPTY_A 253 14 667.96 330.191 330.191 667.96 330.191 0 0 [ 0.0402525; -0.000318948; 1.22864e-05; -4.59496e-08 ] [ 3.96529; 0.103721; 0.000562146; -7.83569e-07 ]
CPTY_A 254 14 685.398 329.438 329.438 685.398 329.438 0 0 [ 0.082549; -0.00263595; -2.31718e-05; 1.84456e-07 ] [ 3.82042; 0.094613; 0.000364886; 1.8143e-08 ]
CPTY_A 255 14 -3180.63 330.884 330.884 -3180.63 330.884 0 0 [ -0.258453; 0.00468947; -1.22611e-05; 1.93997e-08 ] [ 2.77805; 0.0851698; 0.00072684; -1.38996e-06 ]
CPTY_A 256 17 -55.1194 377.593 342.66 -55.1194 377.593 0 0 [ 0.057278; 0.000415157; -2.2846e-05; 7.01858e-08 ] [ 4.10484; 0.127039; 0.00108548; -1.31102e-06 ]
CPTY_A 257 11 903.206 292.779 330.299 903.206 292.779 0 0 [ 0.030881; 0.000244789; 3.58139e-05; -1.82338e-07 ] [ 3.0661; 0.0797972; 0.000480186; -5.95994e-07 ]
CPTY_A 258 14 42.8894 338.666 338.666 42.8894 338.666 0 0 [ -0.0424445; 0.000877155; 2.06406e-05; -9.12924e-08 ] [ 3.97862; 0.114921; 0.000870687; -1.17939e-06 ]
CPTY_A 259 14 -559.547 339.895 339.895 -559.547 339.895 0 0 [ 0.101175; -0.000377767; -5.94331e-05; 2.13214e-07 ] [ 6.39008; 0.10798; 1.83979e-05; 1.80777e-06 ]
CPTY_A 260 14 190.589 342.592 342.592 190.589 342.592 0 0 [ 0.00462875; 0.000145007; 9.81929e-06; -5.35371e-08 ] [ 4.54494; 0.0989326; 0.000465581; 8.48617e-07 ]
CPTY_A 261 14 -4000.24 361.415 361.415 238932 3308.89 -242932 3343.78 [ -0.384573; 0.00536953; -2.75394e-05; 1.17442e-07 ] [ 7.1173; 0.0925346; 0.000229154; 4.19242e-07 ]
CPTY_A 262 14 -6.16807 112.699 112.699 -6.16807 112.699 0 0 [ 0.000281757; 0.00127382; -0.000777854; 7.72024e-05 ] [ 1.50334e-05; 0.000116727; 0.000254511; 4.04527e-06 ]
CPTY_A 263 18 -52.0025 138.465 122.114 -52.0025 138.465 0 0 [ 0.00121923; 0.00262263; -0.00240766; 0.000294172 ] [ -0.000218456; -0.00070824; 0.000867699; -3.22583e-05 ]
CPTY_A 264 10 19.9575 93.0029 110.043 19.9575 93.0029 0 0 [ -0.000420117; -0.00130057; 0.00105429; -0.000126763 ] [ 0.000100282; 0.000375953; -1.97467e-07; 1.75908e-05 ]
CPTY_A 265 18 -1.8753 129.144 113.894 -1.8753 129.144 0 0 [ 4.76975e-05; 0.000526268; -0.000296287; 3.07941e-05 ] [ 8.15617e-06; 0.000255218; 0.000335527; -1.07475e-06 ]
CPTY_A 266 10 5.27511 92.6426 109.616 5.27511 92.6426 0 0 [ 7.78931e-05; 0.00021681; -0.000207745; 3.05153e-05 ] [ -4.774e-05; -8.56616e-05; 0.00032843; -1.91719e-05 ]
CPTY_A 267 14 -30.5483 114.73 114.73 -30.5483 114.73 0 0 [ 0.000303505; 0.00127319; -0.000838792; 8.3027e-05 ] [ 5.48108e-05; 8.42047e-05; 0.000197615; 1.93461e-05 ]
CPTY_A 268 14 -18.7175 113.685 113.685 -18.7175 113.685 0 0 [ -0.000618462; -0.00199795; 0.00102955; -7.19419e-05 ] [ -0.000121261; -0.000277618; 0.00056369; -3.18482e-05 ]
CPTY_A 269 14 82.9511 110.233 110.233 82.9511 110.233 0 0 [ -0.000414272; -0.00129997; 0.00113682; -0.000128813 ] [ 4.5909e-05; 0.000228773; 0.000205785; 2.6197e-06 ]
CPTY_A 270 14 12.4211 112.861 112.861 12.4211 112.861 0 0 [ 0.000614011; 0.00192253; -0.00131143; 0.000141513 ] [ -4.22274e-07; -2.24906e-05; 0.000324606; -2.14794e-06 ]
CPTY_A 271 14 20.085 115.506 115.506 20.085 115.506 0 0 [ 0.000319319; 0.00142421; -0.000779591; 7.20514e-05 ] [ 0.000167079; 0.000515434; -7.46569e-05; 4.76698e-05 ]
CPTY_A 272 14 -22.9665 117.291 117.291 -22.9665 117.291 0 0 [ -0.00054201; -0.00170962; 0.00131662; -0.000164314 ] [ 0.000269731; 0.000777306; -0.000288259; 7.5631e-05 ]
CPTY_A 273 14 37.3626 115.447 115.447 37.3626 115.447 0 0 [ 0.000230997; 0.000765084; -0.000560814; 7.52968e-05 ] [ -0.000123214; -0.000389241; 0.000594528; -2.93938e-05 ]
CPTY_A 274 14 -52.5 119.304 119.304 -52.5 119.304 0 0 [ -3.37168e-05; 0.000143042; 8.28349e-05; -4.09826e-05 ] [ -0.000212946; -0.000598948; 0.000759099; -4.28432e-05 ]
CPTY_A 275 14 -16.4751 1.26416 1.26416 -238671 5464.09 238654 5463.66 [ -4.16949e-05; 0.000320565; -0.000118926; 4.88272e-06 ] [ 1.20571e-07; -1.77415e-08; -8.99695e-08; 2.34136e-08 ]
CPTY_A 276 14 0 0 0 0 0 0 0 [  ] [  ]
CPTY_A 277 14 0 0 0 0 0 0 0 [  ] [  ]
CPTY_A 278 14 0 0 0 0 0 0 0 [  ] [  ]
CPTY_A 279 14 0 0 0 0 0 0 0 [  ] [  ]
CPTY_A 280 14 0 0 0 0 0 0 0 [  ] [  ]
CPTY_A 281 14 0 0 0 0 0 0 0 [  ] [  ]
CPTY_A 282 18 0 0 0 0 0 0 0 [  ] [  ]
CPTY_A 283 10 0 0 0 0 0 0 0 [  ] [  ]
CPTY_A 284 14 0 0 0 0 0 0 0 [  ] [  ]
CPTY_A 285 14 0 0 0 0 0 0 0 [  ] [  ]
CPTY_A 286 14 0 0 0 0 0 0 0 [  ] [  ]
CPTY_A 287 14 0 0 0 0 0 0 0 [  ] [  ]
CPTY_A 288 14 0 0 0 0 0 0 0 [  ] [  ]
