CPTY_A 0 938.373 644011 938.373 644011
CPTY_A 1 1961.11 643664 -6609.92 643661
CPTY_A 2 109.768 624673 109.768 624673
CPTY_A 3 1487.48 624632 1487.48 624632
CPTY_A 4 876.936 625109 876.936 625109
CPTY_A 5 444.914 626799 444.914 626799
CPTY_A 6 -2108.49 630307 -2108.49 630307
CPTY_A 7 -2588.63 624010 -13284.4 625105
CPTY_A 8 495.781 607925 495.781 607925
CPTY_A 9 626.454 610629 626.454 610629
CPTY_A 10 1407.19 609873 1407.19 609873
CPTY_A 11 2338.92 610078 2338.92 610078
CPTY_A 12 -261.052 611107 -261.052 611107
CPTY_A 13 -2967.36 609916 -2967.36 609916
CPTY_A 14 -1787.92 611594 -315307 613695
CPTY_A 15 -2851.47 592964 -2851.47 592964
CPTY_A 16 -1980.13 592456 -1980.13 592456
CPTY_A 17 -2031.37 591995 -2031.37 591995
CPTY_A 18 -39.2248 653970 -39.2248 653970
CPTY_A 19 -854.338 523386 -854.338 523386
CPTY_A 20 -2077.96 596639 -12584.1 600827
CPTY_A 21 -712.062 574823 -712.062 574823
CPTY_A 22 -1433.42 577463 -1433.42 577463
CPTY_A 23 -1343.21 576819 -1343.21 576819
CPTY_A 24 -835.716 576668 -835.716 576668
CPTY_A 25 -1050.27 567306 -1050.27 567306
CPTY_A 26 -1120.08 567233 -1120.08 567233
CPTY_A 27 -1756.96 565086 -18444.5 571245
CPTY_A 28 -1355.9 549576 -1355.9 549576
CPTY_A 29 -1071.38 623303 -1071.38 623303
CPTY_A 30 -1.46521 466904 -1.46521 466904
CPTY_A 31 -1272.25 546751 -1272.25 546751
CPTY_A 32 -339.983 550926 -339.983 550926
CPTY_A 33 -247.395 549783 -16293.3 557964
CPTY_A 34 828.614 531541 828.614 531541
CPTY_A 35 -176.774 530950 -176.774 530950
CPTY_A 36 931.479 536196 931.479 536196
CPTY_A 37 342.714 534672 342.714 534672
CPTY_A 38 659.037 534279 659.037 534279
CPTY_A 39 1448.61 547377 1448.61 547377
CPTY_A 40 -271.263 525085 -317798 535310
CPTY_A 41 1349.89 517897 1349.89 517897
CPTY_A 42 1720.5 520208 1720.5 520208
CPTY_A 43 1113.68 517569 1113.68 517569
CPTY_A 44 1259.94 567865 1259.94 567865
CPTY_A 45 818.542 457873 818.542 457873
CPTY_A 46 773.735 515280 -14543 526751
CPTY_A 47 2223.4 501516 2223.4 501516
CPTY_A 48 1732.54 498748 1732.54 498748
CPTY_A 49 1892.19 500276 1892.19 500276
CPTY_A 50 724.635 500194 724.635 500194
CPTY_A 51 60.2788 498611 60.2788 498611
CPTY_A 52 -1055.65 495355 -1055.65 495355
CPTY_A 53 -682.772 499545 -12944.6 512619
CPTY_A 54 232.267 545361 232.267 545361
CPTY_A 55 -237.896 406910 -237.896 406910
CPTY_A 56 -86.8747 484147 -86.8747 484147
CPTY_A 57 -763.012 482776 -763.012 482776
CPTY_A 58 -98.8599 482931 -98.8599 482931
CPTY_A 59 -1765.86 482488 -7774.54 500214
CPTY_A 60 -303.804 465938 -303.804 465938
CPTY_A 61 115.815 465580 115.815 465580
CPTY_A 62 -1908.94 467010 -1908.94 467010
CPTY_A 63 -637.598 469009 -637.598 469009
CPTY_A 64 -2160.19 467658 -2160.19 467658
CPTY_A 65 770.39 468357 770.39 468357
CPTY_A 66 -1654.33 467570 -310239 490769
CPTY_A 67 1229.53 452911 1229.53 452911
CPTY_A 68 -21.6667 451301 -21.6667 451301
CPTY_A 69 282.275 450922 282.275 450922
CPTY_A 70 891.406 450554 891.406 450554
CPTY_A 71 666.689 450137 666.689 450137
CPTY_A 72 144.11 451625 -5376.48 469489
CPTY_A 73 1984.24 438640 1984.24 438640
CPTY_A 74 813.063 434290 813.063 434290
CPTY_A 75 -651.966 436604 -651.966 436604
CPTY_A 76 -617.107 438389 -617.107 438389
CPTY_A 77 -594.503 417720 -594.503 417720
CPTY_A 78 662.689 414384 662.689 414384
CPTY_A 79 419.904 410130 -872.029 431787
CPTY_A 80 -989.491 396502 -989.491 396502
CPTY_A 81 -537.007 393089 -537.007 393089
CPTY_A 82 -4.60112 389955 -4.60112 389955
CPTY_A 83 393.039 394482 393.039 394482
CPTY_A 84 -642.292 392260 -642.292 392260
CPTY_A 85 -421.81 393048 9920.78 420935
CPTY_A 86 1203.13 379562 1203.13 379562
CPTY_A 87 937.9 377776 937.9 377776
CPTY_A 88 663.639 380096 663.639 380096
CPTY_A 89 -627.117 376832 -627.117 376832
CPTY_A 90 1091.59 381749 1091.59 381749
CPTY_A 91 597.642 380058 597.642 380058
CPTY_A 92 351.226 381585 -292281 416248
CPTY_A 93 -1673.72 364038 -1673.72 364038
CPTY_A 94 -591.72 364721 -591.72 364721
CPTY_A 95 -771.685 362786 -771.685 362786
CPTY_A 96 -251.596 364916 -251.596 364916
CPTY_A 97 523.596 362834 523.596 362834
CPTY_A 98 -1569.31 371582 8952.89 401375
CPTY_A 99 426.937 355817 426.937 355817
CPTY_A 100 1179.21 348206 1179.21 348206
CPTY_A 101 1095.32 350659 1095.32 350659
CPTY_A 102 1776.3 352419 1776.3 352419
CPTY_A 103 -3477.09 348629 -3477.09 348629
CPTY_A 104 -241.157 353125 -241.157 353125
CPTY_A 105 1778.01 350172 17411.9 383116
CPTY_A 106 -365.736 336344 -365.736 336344
CPTY_A 107 -3804.61 381596 -3804.61 381596
CPTY_A 108 -2271.49 287497 -2271.49 287497
CPTY_A 109 2475.83 334102 2475.83 334102
CPTY_A 110 1843.56 331844 1843.56 331844
CPTY_A 111 -657.811 335606 28268.3 372946
CPTY_A 112 378.956 335258 378.956 335258
CPTY_A 113 -251.142 353698 -251.142 353698
CPTY_A 114 -318.015 287629 -318.015 287629
CPTY_A 115 683.485 319990 683.485 319990
CPTY_A 116 -715.219 328201 -715.219 328201
CPTY_A 117 -558.664 314376 -558.664 314376
CPTY_A 118 1141.62 321580 -273828 373539
CPTY_A 119 -1149.98 305084 -1149.98 305084
CPTY_A 120 -19.2771 303208 -19.2771 303208
CPTY_A 121 246.283 304897 246.283 304897
CPTY_A 122 579.454 308729 579.454 308729
CPTY_A 123 374.067 303153 374.067 303153
CPTY_A 124 7.77249 308871 7.77249 308871
CPTY_A 125 -1810.22 306048 26664.5 347064
CPTY_A 126 1728.38 324265 1728.38 324265
CPTY_A 127 614.976 262830 614.976 262830
CPTY_A 128 -1090.54 289916 -1090.54 289916
CPTY_A 129 -1914.8 300407 -1914.8 300407
CPTY_A 130 -203.11 308735 -203.11 308735
CPTY_A 131 -41.3161 308351 35149.1 345214
CPTY_A 132 167.756 293989 167.756 293989
CPTY_A 133 234.795 295246 234.795 295246
CPTY_A 134 -364.026 296310 -364.026 296310
CPTY_A 135 575.628 295819 575.628 295819
CPTY_A 136 -128.321 291557 -128.321 291557
CPTY_A 137 866.183 296208 866.183 296208
CPTY_A 138 173.507 298510 50711.3 345162
CPTY_A 139 -181.144 281215 -181.144 281215
CPTY_A 140 233.068 284755 233.068 284755
CPTY_A 141 138.825 279331 138.825 279331
CPTY_A 142 608.226 280951 608.226 280951
CPTY_A 143 901.094 279299 901.094 279299
CPTY_A 144 -543.794 281847 -252569 351703
CPTY_A 145 -504.609 262943 -504.609 262943
CPTY_A 146 -187.855 264207 -187.855 264207
CPTY_A 147 -7.3794 265025 -7.3794 265025
CPTY_A 148 3928.03 263990 3928.03 263990
CPTY_A 149 4350.3 267873 4350.3 267873
CPTY_A 150 -4352.35 264272 -4352.35 264272
CPTY_A 151 -4765.4 267277 43732 322388
CPTY_A 152 -1464.78 284793 -1464.78 284793
CPTY_A 153 -90.8141 211251 -90.8141 211251
CPTY_A 154 -1450.95 250057 -1450.95 250057
CPTY_A 155 -2139.7 250810 -2139.7 250810
CPTY_A 156 232.331 253291 232.331 253291
CPTY_A 157 -651.131 252673 55186.5 307468
CPTY_A 158 -11.5595 239641 -11.5595 239641
CPTY_A 159 -553.611 237504 -553.611 237504
CPTY_A 160 -423.898 238699 -423.898 238699
CPTY_A 161 645.256 240439 645.256 240439
CPTY_A 162 -1358.7 239424 -1358.7 239424
CPTY_A 163 -15.8255 239469 -15.8255 239469
CPTY_A 164 992.174 240112 69616 294634
CPTY_A 165 -239.56 226029 -239.56 226029
CPTY_A 166 -129.717 224453 -129.717 224453
CPTY_A 167 -396.349 224457 -396.349 224457
CPTY_A 168 -304.84 226065 -304.84 226065
CPTY_A 169 -73.7737 228393 -73.7737 228393
CPTY_A 170 58.2031 226548 -230332 317707
CPTY_A 171 -604.549 206785 -604.549 206785
CPTY_A 172 419.876 205223 419.876 205223
CPTY_A 173 -462.284 206395 -462.284 206395
CPTY_A 174 -1481.13 210203 -1481.13 210203
CPTY_A 175 -487.977 208802 -487.977 208802
CPTY_A 176 -261.111 207464 -261.111 207464
CPTY_A 177 -2631.97 209857 65498.8 273575
CPTY_A 178 1973.04 194036 1973.04 194036
CPTY_A 179 244.853 195672 244.853 195672
CPTY_A 180 -2042.55 192824 -2042.55 192824
CPTY_A 181 -3521.05 196760 -3521.05 196760
CPTY_A 182 -445.046 215701 -445.046 215701
CPTY_A 183 -21.4387 204346 80140.9 269297
CPTY_A 184 -1394.9 192236 -1394.9 192236
CPTY_A 185 -1170.32 222141 -1170.32 222141
CPTY_A 186 -786.896 166313 -786.896 166313
CPTY_A 187 -362.897 195150 -362.897 195150
CPTY_A 188 -648.672 195052 -648.672 195052
CPTY_A 189 -289.051 196732 -289.051 196732
CPTY_A 190 46.3293 197581 101848 264651
CPTY_A 191 -558.987 181644 -558.987 181644
CPTY_A 192 -345.252 186752 -345.252 186752
CPTY_A 193 -577.251 183173 -577.251 183173
CPTY_A 194 -342.025 183807 -342.025 183807
CPTY_A 195 -289.067 179689 -289.067 179689
CPTY_A 196 -208.976 183544 -194341 300888
CPTY_A 197 -321.597 166505 -321.597 166505
CPTY_A 198 881.263 167694 881.263 167694
CPTY_A 199 -1135.94 160185 -1135.94 160185
CPTY_A 200 -391.169 164085 -391.169 164085
CPTY_A 201 -249.896 164471 -249.896 164471
CPTY_A 202 1262.87 166980 1262.87 166980
CPTY_A 203 -1999.5 163049 98277.8 247805
CPTY_A 204 -650.617 150052 -650.617 150052
CPTY_A 205 -277.601 150846 -277.601 150846
CPTY_A 206 -93.9761 150316 -93.9761 150316
CPTY_A 207 114.932 150906 114.932 150906
CPTY_A 208 738.17 150481 738.17 150481
CPTY_A 209 1104.23 151059 98744.8 237313
CPTY_A 210 -395.933 135499 -395.933 135499
CPTY_A 211 -370.553 138693 -370.553 138693
CPTY_A 212 -150.403 137106 -150.403 137106
CPTY_A 213 396.609 137529 396.609 137529
CPTY_A 214 84.1939 135752 84.1939 135752
CPTY_A 215 475.316 136511 475.316 136511
CPTY_A 216 -179.779 135790 94802.2 231141
CPTY_A 217 -10.6727 123505 -10.6727 123505
CPTY_A 218 6.04341 122515 6.04341 122515
CPTY_A 219 -76.6246 123459 -76.6246 123459
CPTY_A 220 153.735 124742 153.735 124742
CPTY_A 221 200.613 124609 200.613 124609
CPTY_A 222 -466.415 122726 -199544 289041
CPTY_A 223 -428.538 105708 -428.538 105708
CPTY_A 224 553.612 106424 553.612 106424
CPTY_A 225 -125.13 106176 -125.13 106176
CPTY_A 226 -1022.11 104815 -1022.11 104815
CPTY_A 227 -1171.48 105292 -1171.48 105292
CPTY_A 228 -976.391 105786 -976.391 105786
CPTY_A 229 -2886.74 107267 89740.4 217514
CPTY_A 230 1812.15 91837.1 1812.15 91837.1
CPTY_A 231 554.013 92234.1 554.013 92234.1
CPTY_A 232 -1273.41 91949 -1273.41 91949
CPTY_A 233 -2307.99 92590.9 -2307.99 92590.9
CPTY_A 234 -1702.7 94449.9 -1702.7 94449.9
CPTY_A 235 111.871 88851.6 100373 200089
CPTY_A 236 -390.059 77147 -390.059 77147
CPTY_A 237 -1687.64 78702.9 -1687.64 78702.9
CPTY_A 238 -92.6347 87002.8 -92.6347 87002.8
CPTY_A 239 814.335 66478.9 814.335 66478.9
CPTY_A 240 -694.947 77560.1 -694.947 77560.1
CPTY_A 241 -392.551 78173.9 -392.551 78173.9
CPTY_A 242 35.5254 78425.7 123670 200172
CPTY_A 243 705.386 70493.7 705.386 70493.7
CPTY_A 244 -788.078 58520.2 -788.078 58520.2
CPTY_A 245 228.921 65561.7 228.921 65561.7
CPTY_A 246 -99.3058 64168.7 -99.3058 64168.7
CPTY_A 247 -301.917 65184 -301.917 65184
CPTY_A 248 2.66378 65323.7 -166657 279239
CPTY_A 249 -557.331 61148.4 -557.331 61148.4
CPTY_A 250 506.808 45233.4 506.808 45233.4
CPTY_A 251 -628.779 46427 -628.779 46427
CPTY_A 252 -19.0248 45921.9 -19.0248 45921.9
CPTY_A 253 -253.1 45930.3 -253.1 45930.3
CPTY_A 254 -281.375 45969.3 -281.375 45969.3
CPTY_A 255 -1073.88 45645.7 118979 188202
CPTY_A 256 -19.7632 37677.5 -19.7632 37677.5
CPTY_A 257 897.495 29254.6 897.495 29254.6
CPTY_A 258 61.3971 33861.2 61.3971 33861.2
CPTY_A 259 -590.502 34087.8 -590.502 34087.8
CPTY_A 260 187.883 37738.2 187.883 37738.2
CPTY_A 261 -3471.76 38483.4 113743 177906
CPTY_A 262 -405.259 22899.5 -405.259 22899.5
CPTY_A 263 -189.602 27893.1 -189.602 27893.1
CPTY_A 264 -106.579 19052.4 -106.579 19052.4
CPTY_A 265 -1132.07 26550.4 -1132.07 26550.4
CPTY_A 266 -293.094 19088.7 -293.094 19088.7
CPTY_A 267 -504.712 23569.5 -504.712 23569.5
CPTY_A 268 -72.4274 23544.8 121715 189547
CPTY_A 269 70.4369 8043.69 70.4369 8043.69
CPTY_A 270 4.1398 8245.58 4.1398 8245.58
CPTY_A 271 -0.533349 8486.34 -0.533349 8486.34
CPTY_A 272 -44.3354 8612.92 -44.3354 8612.92
CPTY_A 273 29.5213 8470.5 29.5213 8470.5
CPTY_A 274 -68.2253 8806.02 -68.2253 8806.02
CPTY_A 275 106.116 8785.16 -163166 295089
CPTY_A 276 0 0 0 0
CPTY_A 277 0 0 0 0
CPTY_A 278 0 0 0 0
CPTY_A 279 0 0 0 0
CPTY_A 280 0 0 0 0
CPTY_A 281 0 0 0 0
CPTY_A 282 0 0 0 0
CPTY_A 283 0 0 0 0
CPTY_A 284 0 0 0 0
CPTY_A 285 0 0 0 0
CPTY_A 286 0 0 0 0
CPTY_A 287 0 0 0 0
CPTY_A 288 0 0 0 0
