CPTY_A 0 688.085 508584 688.085 508584
CPTY_A 1 -588.219 523359 -9159.24 523357
CPTY_A 2 -1847.95 510274 -1847.95 510274
CPTY_A 3 2520.9 510325 2520.9 510325
CPTY_A 4 1901.48 510326 1901.48 510326
CPTY_A 5 1062.48 515184 1062.48 515184
CPTY_A 6 -2022.45 499906 -2022.45 499906
CPTY_A 7 -1525.55 520307 -12188.3 522925
CPTY_A 8 -409.612 494815 -409.612 494815
CPTY_A 9 -654.206 499625 -654.206 499625
CPTY_A 10 1330.04 500047 1330.04 500047
CPTY_A 11 2903.78 499809 2903.78 499809
CPTY_A 12 968.784 501539 968.784 501539
CPTY_A 13 -1453.55 498816 -1453.55 498816
CPTY_A 14 -1625.82 496737 -315178 499384
CPTY_A 15 -3484.52 479923 -3484.52 479923
CPTY_A 16 -2323.75 482935 -2323.75 482935
CPTY_A 17 -575.183 483711 -575.183 483711
CPTY_A 18 -112.192 534135 -112.192 534135
CPTY_A 19 -1116.23 420870 -1116.23 420870
CPTY_A 20 -170.345 492725 -10757.3 495481
CPTY_A 21 -2159.83 470248 -2159.83 470248
CPTY_A 22 -931.693 470347 -931.693 470347
CPTY_A 23 -4179.78 470492 -4179.78 470492
CPTY_A 24 1818.75 476528 1818.75 476528
CPTY_A 25 -2509.29 464059 -2509.29 464059
CPTY_A 26 -2258.04 472611 -2258.04 472611
CPTY_A 27 -1081.72 468767 -17921.7 474170
CPTY_A 28 -720.207 455377 -720.207 455377
CPTY_A 29 -1424.06 520372 -1424.06 520372
CPTY_A 30 -1061.68 385615 -1061.68 385615
CPTY_A 31 -1289.93 452279 -1289.93 452279
CPTY_A 32 483.195 459219 483.195 459219
CPTY_A 33 249.393 457010 -15897.1 463624
CPTY_A 34 1779.69 440644 1779.69 440644
CPTY_A 35 -981.499 449524 -981.499 449524
CPTY_A 36 962.577 442054 962.577 442054
CPTY_A 37 -462.018 448216 -462.018 448216
CPTY_A 38 2964.78 446253 2964.78 446253
CPTY_A 39 4634.31 477761 4634.31 477761
CPTY_A 40 -2811.49 416803 -320389 426180
CPTY_A 41 -175.606 429158 -175.606 429158
CPTY_A 42 2913.6 432133 2913.6 432133
CPTY_A 43 4477.04 438353 4477.04 438353
CPTY_A 44 976.397 467722 976.397 467722
CPTY_A 45 717.886 377741 717.886 377741
CPTY_A 46 -1184.28 417482 -16571.2 428747
CPTY_A 47 741.604 420704 741.604 420704
CPTY_A 48 556.808 415817 556.808 415817
CPTY_A 49 251.894 419023 251.894 419023
CPTY_A 50 -458.594 412297 -458.594 412297
CPTY_A 51 -1507.21 404789 -1507.21 404789
CPTY_A 52 -721.638 413508 -721.638 413508
CPTY_A 53 -1036.04 410138 -13337.3 421120
CPTY_A 54 1206.15 451152 1206.15 451152
CPTY_A 55 836.105 336815 836.105 336815
CPTY_A 56 832.128 400489 832.128 400489
CPTY_A 57 -1033.9 399884 -1033.9 399884
CPTY_A 58 1423.5 403580 1423.5 403580
CPTY_A 59 831.64 403060 -5187.99 413604
CPTY_A 60 -28.3569 382618 -28.3569 382618
CPTY_A 61 -878.75 382996 -878.75 382996
CPTY_A 62 -1191.31 391836 -1191.31 391836
CPTY_A 63 -958.236 391316 -958.236 391316
CPTY_A 64 4848.78 391494 4848.78 391494
CPTY_A 65 -5147.55 389473 -5147.55 389473
CPTY_A 66 3090.07 401761 -305542 414210
CPTY_A 67 -5608.72 373014 -5608.72 373014
CPTY_A 68 -973.42 378176 -973.42 378176
CPTY_A 69 -881.419 370663 -881.419 370663
CPTY_A 70 2334.92 378008 2334.92 378008
CPTY_A 71 75.1376 373315 75.1376 373315
CPTY_A 72 -103.709 376222 -5727.08 392544
CPTY_A 73 823.898 366772 823.898 366772
CPTY_A 74 -56.4986 356235 -56.4986 356235
CPTY_A 75 -2564.13 366968 -2564.13 366968
CPTY_A 76 -411.55 362629 -411.55 362629
CPTY_A 77 -1241.09 358030 -1241.09 358030
CPTY_A 78 -830.99 366637 -830.99 366637
CPTY_A 79 1031.7 360779 -295.178 377223
CPTY_A 80 -2447.34 351890 -2447.34 351890
CPTY_A 81 -241.413 352738 -241.413 352738
CPTY_A 82 194.238 344823 194.238 344823
CPTY_A 83 -630.576 354646 -630.576 354646
CPTY_A 84 -837.903 349165 -837.903 349165
CPTY_A 85 762.157 351355 11158.4 370663
CPTY_A 86 -696.058 338721 -696.058 338721
CPTY_A 87 561.769 337681 561.769 337681
CPTY_A 88 1578.23 336132 1578.23 336132
CPTY_A 89 1044.22 328554 1044.22 328554
CPTY_A 90 415.69 337454 415.69 337454
CPTY_A 91 389.594 337886 389.594 337886
CPTY_A 92 564.971 342907 -291874 372620
CPTY_A 93 -3131.08 323179 -3131.08 323179
CPTY_A 94 -1457.9 324344 -1457.9 324344
CPTY_A 95 -1894.56 322649 -1894.56 322649
CPTY_A 96 -1279.99 321140 -1279.99 321140
CPTY_A 97 2406.84 322982 2406.84 322982
CPTY_A 98 -2014.25 333345 8640.46 356454
CPTY_A 99 456.21 318018 456.21 318018
CPTY_A 100 -276.049 305516 -276.049 305516
CPTY_A 101 154.539 311692 154.539 311692
CPTY_A 102 2105.5 309010 2105.5 309010
CPTY_A 103 -2610.28 309444 -2610.28 309444
CPTY_A 104 44.5991 305330 44.5991 305330
CPTY_A 105 1529.8 311504 17438.9 337061
CPTY_A 106 2644.45 298896 2644.45 298896
CPTY_A 107 9572.66 320943 9572.66 320943
CPTY_A 108 8358.83 246179 8358.83 246179
CPTY_A 109 -10043.9 302706 -10043.9 302706
CPTY_A 110 -8097.04 299898 -8097.04 299898
CPTY_A 111 -911.735 297096 28338.2 331138
CPTY_A 112 -539.18 301017 -539.18 301017
CPTY_A 113 -2126.02 311291 -2126.02 311291
CPTY_A 114 -110.814 250998 -110.814 250998
CPTY_A 115 137.07 290863 137.07 290863
CPTY_A 116 -1077.75 286776 -1077.75 286776
CPTY_A 117 732.756 282771 732.756 282771
CPTY_A 118 7931.67 289025 -266962 316600
CPTY_A 119 -6485.21 261742 -6485.21 261742
CPTY_A 120 130.624 265517 130.624 265517
CPTY_A 121 -817.611 269166 -817.611 269166
CPTY_A 122 500.229 272251 500.229 272251
CPTY_A 123 1728.76 265533 1728.76 265533
CPTY_A 124 254.393 269216 254.393 269216
CPTY_A 125 -3141.53 271786 25518 308434
CPTY_A 126 889.416 281479 889.416 281479
CPTY_A 127 69.9884 230631 69.9884 230631
CPTY_A 128 68.7195 252342 68.7195 252342
CPTY_A 129 -1596.48 257486 -1596.48 257486
CPTY_A 130 275.248 259427 275.248 259427
CPTY_A 131 778.114 259687 36199 290249
CPTY_A 132 -589.809 244960 -589.809 244960
CPTY_A 133 429.031 243809 429.031 243809
CPTY_A 134 -1286.99 245841 -1286.99 245841
CPTY_A 135 1071.92 248112 1071.92 248112
CPTY_A 136 -405.667 247813 -405.667 247813
CPTY_A 137 1737.69 249326 1737.69 249326
CPTY_A 138 -816.181 246089 49873.6 286312
CPTY_A 139 278.918 226573 278.918 226573
CPTY_A 140 2509.78 229783 2509.78 229783
CPTY_A 141 476.149 247333 476.149 247333
CPTY_A 142 117.847 241902 117.847 241902
CPTY_A 143 3088.52 235242 3088.52 235242
CPTY_A 144 -1613.54 230009 -253541 295764
CPTY_A 145 -265.457 220282 -265.457 220282
CPTY_A 146 -557.365 219884 -557.365 219884
CPTY_A 147 -771.987 223348 -771.987 223348
CPTY_A 148 16955.1 227022 16955.1 227022
CPTY_A 149 18817 220802 18817 220802
CPTY_A 150 -11698.6 227365 -11698.6 227365
CPTY_A 151 -15167.4 217114 33199.3 282805
CPTY_A 152 -13098.4 230248 -13098.4 230248
CPTY_A 153 -1738.82 174384 -1738.82 174384
CPTY_A 154 -1991.88 208325 -1991.88 208325
CPTY_A 155 -2392.52 207608 -2392.52 207608
CPTY_A 156 323.474 209661 323.474 209661
CPTY_A 157 -1133.64 209454 54602 255821
CPTY_A 158 79.201 195121 79.201 195121
CPTY_A 159 -171.521 196497 -171.521 196497
CPTY_A 160 -638.597 204755 -638.597 204755
CPTY_A 161 2104.11 203357 2104.11 203357
CPTY_A 162 735.767 188454 735.767 188454
CPTY_A 163 -2309.61 204120 -2309.61 204120
CPTY_A 164 797.149 201089 69812.4 244923
CPTY_A 165 -1884.65 183290 -1884.65 183290
CPTY_A 166 44.0899 182605 44.0899 182605
CPTY_A 167 -134.061 189002 -134.061 189002
CPTY_A 168 -700.965 189199 -700.965 189199
CPTY_A 169 -337.828 188374 -337.828 188374
CPTY_A 170 414.108 184305 -229631 262475
CPTY_A 171 -1822.75 168658 -1822.75 168658
CPTY_A 172 -110.316 169093 -110.316 169093
CPTY_A 173 922.436 167359 922.436 167359
CPTY_A 174 -1298.41 174422 -1298.41 174422
CPTY_A 175 1815.97 171404 1815.97 171404
CPTY_A 176 -3713.93 168609 -3713.93 168609
CPTY_A 177 -3113.66 174207 65427.1 228071
CPTY_A 178 1211.82 158671 1211.82 158671
CPTY_A 179 1831.49 161811 1831.49 161811
CPTY_A 180 -2701.08 160429 -2701.08 160429
CPTY_A 181 -3688.73 163204 -3688.73 163204
CPTY_A 182 -499.595 164141 -499.595 164141
CPTY_A 183 -130.292 152736 80514 213381
CPTY_A 184 -871.298 150511 -871.298 150511
CPTY_A 185 -1214.87 172114 -1214.87 172114
CPTY_A 186 542.125 132930 542.125 132930
CPTY_A 187 -162.096 153224 -162.096 153224
CPTY_A 188 339.214 146810 339.214 146810
CPTY_A 189 -32.8069 150587 -32.8069 150587
CPTY_A 190 1419.76 148984 103680 205156
CPTY_A 191 676.611 138284 676.611 138284
CPTY_A 192 273.859 139829 273.859 139829
CPTY_A 193 -1471.3 142626 -1471.3 142626
CPTY_A 194 -1124.1 142420 -1124.1 142420
CPTY_A 195 -808.652 137706 -808.652 137706
CPTY_A 196 22.6083 143550 -193849 245629
CPTY_A 197 -68.8378 123681 -68.8378 123681
CPTY_A 198 84.9831 122889 84.9831 122889
CPTY_A 199 -903.315 121081 -903.315 121081
CPTY_A 200 -1348.27 124713 -1348.27 124713
CPTY_A 201 112.758 124428 112.758 124428
CPTY_A 202 878.047 126457 878.047 126457
CPTY_A 203 -1585 123856 98999.5 197452
CPTY_A 204 -804.893 114266 -804.893 114266
CPTY_A 205 -676.347 110816 -676.347 110816
CPTY_A 206 418.391 117591 418.391 117591
CPTY_A 207 -190.804 113689 -190.804 113689
CPTY_A 208 -195.319 113971 -195.319 113971
CPTY_A 209 1803.87 115848 99766.4 189499
CPTY_A 210 163.135 100903 163.135 100903
CPTY_A 211 -1443.7 105092 -1443.7 105092
CPTY_A 212 -327.067 104494 -327.067 104494
CPTY_A 213 -557.268 102555 -557.268 102555
CPTY_A 214 -541.182 99915.7 -541.182 99915.7
CPTY_A 215 292.141 102462 292.141 102462
CPTY_A 216 -439.704 102077 95084 184850
CPTY_A 217 -823.737 94228.4 -823.737 94228.4
CPTY_A 218 -490.516 87751.8 -490.516 87751.8
CPTY_A 219 -24.7589 93714.8 -24.7589 93714.8
CPTY_A 220 -581.33 94078.4 -581.33 94078.4
CPTY_A 221 -59.3467 92965.4 -59.3467 92965.4
CPTY_A 222 -796.514 91496.4 -198937 232801
CPTY_A 223 -278.469 77280 -278.469 77280
CPTY_A 224 298.589 79216 298.589 79216
CPTY_A 225 -239.501 77646.2 -239.501 77646.2
CPTY_A 226 356.163 78998.4 356.163 78998.4
CPTY_A 227 -1742.96 78546.5 -1742.96 78546.5
CPTY_A 228 -1735.63 77472.5 -1735.63 77472.5
CPTY_A 229 -2691.03 77160.1 90904.6 169441
CPTY_A 230 1846.92 68592.9 1846.92 68592.9
CPTY_A 231 558.559 67227.4 558.559 67227.4
CPTY_A 232 -896.045 67233 -896.045 67233
CPTY_A 233 -1733.66 70816 -1733.66 70816
CPTY_A 234 -1997.88 67316.3 -1997.88 67316.3
CPTY_A 235 -210.856 65812.7 100984 158605
CPTY_A 236 -422.848 58042.6 -422.848 58042.6
CPTY_A 237 -1388.28 58530.1 -1388.28 58530.1
CPTY_A 238 64.9113 65460.4 64.9113 65460.4
CPTY_A 239 282.137 50979.9 282.137 50979.9
CPTY_A 240 -377.648 57528.2 -377.648 57528.2
CPTY_A 241 -710.357 58193.9 -710.357 58193.9
CPTY_A 242 239.596 56407.7 124881 155840
CPTY_A 243 284.392 51614.9 284.392 51614.9
CPTY_A 244 -642.798 42612.1 -642.798 42612.1
CPTY_A 245 446.936 49659.2 446.936 49659.2
CPTY_A 246 331.852 46259.1 331.852 46259.1
CPTY_A 247 -704.901 50488.8 -704.901 50488.8
CPTY_A 248 -758.265 47739.5 -166303 224081
CPTY_A 249 -457.888 44555 -457.888 44555
CPTY_A 250 255.385 34724 255.385 34724
CPTY_A 251 -316.123 34988.3 -316.123 34988.3
CPTY_A 252 -413.617 33940.1 -413.617 33940.1
CPTY_A 253 -38.1602 34367.9 -38.1602 34367.9
CPTY_A 254 -310.789 32821.9 -310.789 32821.9
CPTY_A 255 -1120.91 33220.9 119943 147934
CPTY_A 256 -223.414 26687.7 -223.414 26687.7
CPTY_A 257 951.264 21247.4 951.264 21247.4
CPTY_A 258 -176.117 25099.6 -176.117 25099.6
CPTY_A 259 -668.685 24750.1 -668.685 24750.1
CPTY_A 260 121.009 24966.6 121.009 24966.6
CPTY_A 261 -3508.8 25007.3 114737 137649
CPTY_A 262 -389.816 14086 -389.816 14086
CPTY_A 263 -217.526 17939.5 -217.526 17939.5
CPTY_A 264 -72.1077 12390.3 -72.1077 12390.3
CPTY_A 265 -1170.33 16620.5 -1170.33 16620.5
CPTY_A 266 -283.023 12184.4 -283.023 12184.4
CPTY_A 267 -456.236 15120.5 -456.236 15120.5
CPTY_A 268 -66.8545 14800.3 123030 146555
CPTY_A 269 113.763 4698.38 113.763 4698.38
CPTY_A 270 -3.20237 4749.74 -3.20237 4749.74
CPTY_A 271 -11.2524 4791.91 -11.2524 4791.91
CPTY_A 272 -32.4272 5032.34 -32.4272 5032.34
CPTY_A 273 54.5746 4975.48 54.5746 4975.48
CPTY_A 274 -29.2573 5418.03 -29.2573 5418.03
CPTY_A 275 -12.9317 5336.1 -161663 230904
CPTY_A 276 0 0 0 0
CPTY_A 277 0 0 0 0
CPTY_A 278 0 0 0 0
CPTY_A 279 0 0 0 0
CPTY_A 280 0 0 0 0
CPTY_A 281 0 0 0 0
CPTY_A 282 0 0 0 0
CPTY_A 283 0 0 0 0
CPTY_A 284 0 0 0 0
CPTY_A 285 0 0 0 0
CPTY_A 286 0 0 0 0
CPTY_A 287 0 0 0 0
CPTY_A 288 0 0 0 0
