#Sample,Regressor_0_EUR-EURIBOR-3M,RegressionDIM,LocalDIM,ExpectedDIM,ZeroOrderDIM,DeltaNPV,SimpleDIM
0,-0.025483,332569.632389,0.000000,308027.972665,308025.908003,-30089.148366,310473.361139
1,-0.023627,332569.632389,0.000000,308027.972665,308025.908003,157700.031657,310473.361139
2,-0.022640,332569.632389,332650.840404,308027.972665,308025.908003,-207512.792644,310473.361139
3,-0.021625,332569.632389,0.000000,308027.972665,308025.908003,133999.650397,310473.361139
4,-0.021143,332569.632389,0.000000,308027.972665,308025.908003,111.524397,310473.361139
5,-0.020828,332569.632389,0.000000,308027.972665,308025.908003,-13140.011309,310473.361139
6,-0.019860,332569.632389,0.000000,308027.972665,308025.908003,128767.894536,310473.361139
7,-0.019541,332569.632389,0.000000,308027.972665,308025.908003,173017.543283,310473.361139
8,-0.019528,332569.632389,0.000000,308027.972665,308025.908003,129679.152884,310473.361139
9,-0.019182,332569.632389,332639.844894,308027.972665,308025.908003,-15279.484480,310473.361139
10,-0.018573,332569.632389,0.000000,308027.972665,308025.908003,-12650.191083,310473.361139
11,-0.018539,332569.632389,0.000000,308027.972665,308025.908003,-43007.050428,310473.361139
12,-0.018480,332569.632389,0.000000,308027.972665,308025.908003,409956.480085,310473.361139
13,-0.018038,332569.632389,0.000000,308027.972665,308025.908003,-76087.079174,310473.361139
14,-0.017871,332569.632389,332635.673241,308027.972665,308025.908003,-65300.619036,310473.361139
15,-0.017853,332569.632389,0.000000,308027.972665,308025.908003,336026.581017,310473.361139
16,-0.017810,332569.632389,0.000000,308027.972665,308025.908003,-110525.853053,310473.361139
17,-0.017426,332569.632389,0.000000,308027.972665,308025.908003,102007.067293,310473.361139
18,-0.017312,332569.632389,0.000000,308027.972665,308025.908003,-36066.080976,310473.361139
19,-0.017097,332569.632389,0.000000,308027.972665,308025.908003,100716.881303,310473.361139
20,-0.017060,332569.632389,0.000000,308027.972665,308025.908003,-71147.220383,310473.361139
21,-0.016906,332569.632389,0.000000,308027.972665,308025.908003,-15611.766625,310473.361139
22,-0.016783,332569.632389,332632.213161,308027.972665,308025.908003,-126392.670594,310473.361139
23,-0.016162,332569.632389,0.000000,308027.972665,308025.908003,157942.651585,310473.361139
24,-0.015890,332569.632389,0.000000,308027.972665,308025.908003,266729.345517,310473.361139
25,-0.015711,332569.632389,0.000000,308027.972665,308025.908003,-70029.967579,310473.361139
26,-0.015595,332569.632389,0.000000,308027.972665,308025.908003,114700.775239,310473.361139
27,-0.015383,332569.632389,332627.757280,308027.972665,308025.908003,143590.112672,310473.361139
28,-0.015245,332569.632389,0.000000,308027.972665,308025.908003,-77354.593062,310473.361139
29,-0.015189,332569.632389,0.000000,308027.972665,308025.908003,312106.259024,310473.361139
30,-0.014681,332569.632389,0.000000,308027.972665,308025.908003,-238583.575029,310473.361139
31,-0.014667,332569.632389,0.000000,308027.972665,308025.908003,-52670.580428,310473.361139
32,-0.014658,332569.632389,0.000000,308027.972665,308025.908003,171820.185981,310473.361139
33,-0.014645,332569.632389,0.000000,308027.972665,308025.908003,35208.159512,310473.361139
34,-0.014631,332569.632389,0.000000,308027.972665,308025.908003,-279759.491152,310473.361139
35,-0.014508,332569.632389,0.000000,308027.972665,308025.908003,165492.449702,310473.361139
36,-0.014454,332569.632389,0.000000,308027.972665,308025.908003,112545.729412,310473.361139
37,-0.014274,332569.632389,0.000000,308027.972665,308025.908003,160954.393167,310473.361139
38,-0.014200,332569.632389,0.000000,308027.972665,308025.908003,-155473.199945,310473.361139
39,-0.014118,332569.632389,0.000000,308027.972665,308025.908003,166712.882124,310473.361139
40,-0.014077,332569.632389,0.000000,308027.972665,308025.908003,131271.742172,310473.361139
41,-0.013788,332569.632389,0.000000,308027.972665,308025.908003,60963.555700,310473.361139
42,-0.013691,332569.632389,0.000000,308027.972665,308025.908003,318675.497186,310473.361139
43,-0.013588,332569.632389,0.000000,308027.972665,308025.908003,-59149.278421,310473.361139
44,-0.013487,332569.632389,0.000000,308027.972665,308025.908003,-31667.990117,310473.361139
45,-0.013155,332569.632389,0.000000,308027.972665,308025.908003,-23091.596526,310473.361139
46,-0.013036,332569.632389,0.000000,308027.972665,308025.908003,85729.573327,310473.361139
47,-0.012972,332569.632389,0.000000,308027.972665,308025.908003,-186256.898889,310473.361139
48,-0.012972,332569.632389,0.000000,308027.972665,308025.908003,139519.815465,310473.361139
49,-0.012813,332569.632389,0.000000,308027.972665,308025.908003,244288.627123,310473.361139
50,-0.012533,332569.632389,0.000000,308027.972665,308025.908003,229049.130750,310473.361139
51,-0.012470,332569.632389,0.000000,308027.972665,308025.908003,-72097.258658,310473.361139
52,-0.012248,332569.632389,0.000000,308027.972665,308025.908003,68351.872254,310473.361139
53,-0.011988,332569.632389,332616.953113,308027.972665,308025.908003,-37914.283460,310473.361139
54,-0.011925,332569.632389,0.000000,308027.972665,308025.908003,177161.648239,310473.361139
55,-0.011547,332569.632389,0.000000,308027.972665,308025.908003,-147108.863078,310473.361139
56,-0.011428,332569.632389,0.000000,308027.972665,308025.908003,-135514.246285,310473.361139
57,-0.011400,332569.632389,0.000000,308027.972665,308025.908003,-247299.736944,310473.361139
58,-0.011338,332569.632389,0.000000,308027.972665,308025.908003,-166822.352376,310473.361139
59,-0.011252,332569.632389,0.000000,308027.972665,308025.908003,44632.083354,310473.361139
60,-0.011206,332569.632389,0.000000,308027.972665,308025.908003,209305.652730,310473.361139
61,-0.011132,332569.632389,0.000000,308027.972665,308025.908003,72332.360447,310473.361139
62,-0.011113,332569.632389,0.000000,308027.972665,308025.908003,-51765.831587,310473.361139
63,-0.011106,332569.632389,332614.146158,308027.972665,308025.908003,-38434.247987,310473.361139
64,-0.011053,332569.632389,0.000000,308027.972665,308025.908003,-44756.461698,310473.361139
65,-0.011045,332569.632389,0.000000,308027.972665,308025.908003,44878.094236,310473.361139
66,-0.011035,332569.632389,0.000000,308027.972665,308025.908003,50957.840789,310473.361139
67,-0.011009,332569.632389,0.000000,308027.972665,308025.908003,35753.960616,310473.361139
68,-0.010909,332569.632389,0.000000,308027.972665,308025.908003,10545.339556,310473.361139
69,-0.010906,332569.632389,0.000000,308027.972665,308025.908003,-302437.442486,310473.361139
70,-0.010717,332569.632389,332612.909094,308027.972665,308025.908003,51746.111805,310473.361139
71,-0.010676,332569.632389,332612.778755,308027.972665,308025.908003,7770.972236,310473.361139
72,-0.010663,332569.632389,0.000000,308027.972665,308025.908003,-86924.295844,310473.361139
73,-0.010601,332569.632389,0.000000,308027.972665,308025.908003,63154.382853,310473.361139
74,-0.010543,332569.632389,0.000000,308027.972665,308025.908003,9132.384836,310473.361139
75,-0.010491,332569.632389,0.000000,308027.972665,308025.908003,84049.942551,310473.361139
76,-0.010315,332569.632389,332611.628857,308027.972665,308025.908003,18118.345706,310473.361139
77,-0.010209,332569.632389,0.000000,308027.972665,308025.908003,233759.840842,310473.361139
78,-0.010171,332569.632389,332611.168942,308027.972665,308025.908003,-28675.322203,310473.361139
79,-0.010104,332569.632389,0.000000,308027.972665,308025.908003,-24794.260065,310473.361139
80,-0.009865,332569.632389,0.000000,308027.972665,308025.908003,-47795.478677,310473.361139
81,-0.009864,332569.632389,0.000000,308027.972665,308025.908003,-45864.852027,310473.361139
82,-0.009863,332569.632389,0.000000,308027.972665,308025.908003,-74066.173561,310473.361139
83,-0.009748,332569.632389,0.000000,308027.972665,308025.908003,-94929.413611,310473.361139
84,-0.009695,332569.632389,0.000000,308027.972665,308025.908003,44469.512075,310473.361139
85,-0.009600,332569.632389,0.000000,308027.972665,308025.908003,-22823.732849,310473.361139
86,-0.009489,332569.632389,0.000000,308027.972665,308025.908003,73801.776050,310473.361139
87,-0.009435,332569.632389,0.000000,308027.972665,308025.908003,149901.838628,310473.361139
88,-0.009310,332569.632389,0.000000,308027.972665,308025.908003,-22724.329171,310473.361139
89,-0.009288,332569.632389,0.000000,308027.972665,308025.908003,-60203.068710,310473.361139
90,-0.009105,332569.632389,0.000000,308027.972665,308025.908003,-1414.800710,310473.361139
91,-0.008973,332569.632389,0.000000,308027.972665,308025.908003,-7692.943390,310473.361139
92,-0.008896,332569.632389,0.000000,308027.972665,308025.908003,179030.813478,310473.361139
93,-0.008848,332569.632389,0.000000,308027.972665,308025.908003,-146386.380859,310473.361139
94,-0.008826,332569.632389,0.000000,308027.972665,308025.908003,101448.067955,310473.361139
95,-0.008822,332569.632389,0.000000,308027.972665,308025.908003,-15823.944174,310473.361139
96,-0.008819,332569.632389,0.000000,308027.972665,308025.908003,-500609.936652,310473.361139
97,-0.008812,332569.632389,0.000000,308027.972665,308025.908003,67164.828585,310473.361139
98,-0.008803,332569.632389,0.000000,308027.972665,308025.908003,193756.811061,310473.361139
99,-0.008763,332569.632389,0.000000,308027.972665,308025.908003,-247612.452145,310473.361139
100,-0.008692,332569.632389,332606.462797,308027.972665,308025.908003,130365.262383,310473.361139
101,-0.008668,332569.632389,0.000000,308027.972665,308025.908003,122537.495060,310473.361139
102,-0.008503,332569.632389,0.000000,308027.972665,308025.908003,-3215.729936,310473.361139
103,-0.008488,332569.632389,0.000000,308027.972665,308025.908003,34725.467278,310473.361139
104,-0.008419,332569.632389,0.000000,308027.972665,308025.908003,167503.418300,310473.361139
105,-0.008405,332569.632389,0.000000,308027.972665,308025.908003,196678.051719,310473.361139
106,-0.008309,332569.632389,332605.243812,308027.972665,308025.908003,-6091.847952,310473.361139
107,-0.008274,332569.632389,332605.132402,308027.972665,308025.908003,-66708.827176,310473.361139
108,-0.008255,332569.632389,0.000000,308027.972665,308025.908003,248574.733954,310473.361139
109,-0.008232,332569.632389,0.000000,308027.972665,308025.908003,-2815.952221,310473.361139
110,-0.008142,332569.632389,0.000000,308027.972665,308025.908003,282258.032401,310473.361139
111,-0.008125,332569.632389,0.000000,308027.972665,308025.908003,161905.556616,310473.361139
112,-0.008118,332569.632389,0.000000,308027.972665,308025.908003,-215088.489489,310473.361139
113,-0.008028,332569.632389,0.000000,308027.972665,308025.908003,183374.467311,310473.361139
114,-0.007985,332569.632389,0.000000,308027.972665,308025.908003,249266.091978,310473.361139
115,-0.007954,332569.632389,0.000000,308027.972665,308025.908003,186087.612897,310473.361139
116,-0.007889,332569.632389,0.000000,308027.972665,308025.908003,69012.930611,310473.361139
117,-0.007859,332569.632389,0.000000,308027.972665,308025.908003,-95401.954543,310473.361139
118,-0.007845,332569.632389,0.000000,308027.972665,308025.908003,96589.090414,310473.361139
119,-0.007835,332569.632389,0.000000,308027.972665,308025.908003,-118115.270296,310473.361139
120,-0.007808,332569.632389,0.000000,308027.972665,308025.908003,169005.712899,310473.361139
121,-0.007800,332569.632389,0.000000,308027.972665,308025.908003,23904.806705,310473.361139
122,-0.007780,332569.632389,0.000000,308027.972665,308025.908003,821.489209,310473.361139
123,-0.007771,332569.632389,0.000000,308027.972665,308025.908003,-20911.911977,310473.361139
124,-0.007759,332569.632389,0.000000,308027.972665,308025.908003,89949.927605,310473.361139
125,-0.007736,332569.632389,0.000000,308027.972665,308025.908003,57472.357187,310473.361139
126,-0.007646,332569.632389,0.000000,308027.972665,308025.908003,53233.933616,310473.361139
127,-0.007549,332569.632389,0.000000,308027.972665,308025.908003,62741.926391,310473.361139
128,-0.007529,332569.632389,0.000000,308027.972665,308025.908003,-152935.282915,310473.361139
129,-0.007514,332569.632389,0.000000,308027.972665,308025.908003,-18777.990242,310473.361139
130,-0.007492,332569.632389,0.000000,308027.972665,308025.908003,-213520.816258,310473.361139
131,-0.007414,332569.632389,332602.393223,308027.972665,308025.908003,247866.380396,310473.361139
132,-0.007384,332569.632389,0.000000,308027.972665,308025.908003,256878.514301,310473.361139
133,-0.007298,332569.632389,0.000000,308027.972665,308025.908003,-156205.446168,310473.361139
134,-0.007281,332569.632389,0.000000,308027.972665,308025.908003,14410.607063,310473.361139
135,-0.007268,332569.632389,332601.927196,308027.972665,308025.908003,58912.728612,310473.361139
136,-0.007150,332569.632389,0.000000,308027.972665,308025.908003,-432512.161639,310473.361139
137,-0.007102,332569.632389,0.000000,308027.972665,308025.908003,-16122.256879,310473.361139
138,-0.007094,332569.632389,0.000000,308027.972665,308025.908003,275073.079443,310473.361139
139,-0.007047,332569.632389,0.000000,308027.972665,308025.908003,-328884.937112,310473.361139
140,-0.007007,332569.632389,0.000000,308027.972665,308025.908003,234442.746124,310473.361139
141,-0.006999,332569.632389,0.000000,308027.972665,308025.908003,151649.066832,310473.361139
142,-0.006982,332569.632389,0.000000,308027.972665,308025.908003,-9222.001201,310473.361139
143,-0.006946,332569.632389,0.000000,308027.972665,308025.908003,302765.890388,310473.361139
144,-0.006778,332569.632389,0.000000,308027.972665,308025.908003,20285.326755,310473.361139
145,-0.006761,332569.632389,0.000000,308027.972665,308025.908003,313164.591832,310473.361139
146,-0.006572,332569.632389,0.000000,308027.972665,308025.908003,-94261.668516,310473.361139
147,-0.006497,332569.632389,0.000000,308027.972665,308025.908003,-164303.874542,310473.361139
148,-0.006475,332569.632389,332599.404085,308027.972665,308025.908003,-72838.668994,310473.361139
149,-0.006463,332569.632389,332599.365545,308027.972665,308025.908003,124471.662025,310473.361139
150,-0.006431,332569.632389,332599.262916,308027.972665,308025.908003,-2618.968986,310473.361139
151,-0.006392,332569.632389,0.000000,308027.972665,308025.908003,-35664.313800,310473.361139
152,-0.006389,332569.632389,0.000000,308027.972665,308025.908003,79897.182744,310473.361139
153,-0.006370,332569.632389,0.000000,308027.972665,308025.908003,-12136.760131,310473.361139
154,-0.006353,332569.632389,0.000000,308027.972665,308025.908003,-129425.207072,310473.361139
155,-0.006335,332569.632389,0.000000,308027.972665,308025.908003,203529.587765,310473.361139
156,-0.006327,332569.632389,0.000000,308027.972665,308025.908003,-218323.084287,310473.361139
157,-0.006231,332569.632389,0.000000,308027.972665,308025.908003,-52029.040965,310473.361139
158,-0.006228,332569.632389,0.000000,308027.972665,308025.908003,270624.393111,310473.361139
159,-0.006204,332569.632389,0.000000,308027.972665,308025.908003,101186.991645,310473.361139
160,-0.006121,332569.632389,0.000000,308027.972665,308025.908003,-238802.423901,310473.361139
161,-0.006115,332569.632389,0.000000,308027.972665,308025.908003,190973.981333,310473.361139
162,-0.006053,332569.632389,0.000000,308027.972665,308025.908003,103293.800114,310473.361139
163,-0.006020,332569.632389,0.000000,308027.972665,308025.908003,-247215.186283,310473.361139
164,-0.005968,332569.632389,0.000000,308027.972665,308025.908003,45808.034967,310473.361139
165,-0.005860,332569.632389,0.000000,308027.972665,308025.908003,108636.449982,310473.361139
166,-0.005846,332569.632389,0.000000,308027.972665,308025.908003,222083.474842,310473.361139
167,-0.005838,332569.632389,0.000000,308027.972665,308025.908003,-61937.845089,310473.361139
168,-0.005808,332569.632389,0.000000,308027.972665,308025.908003,98359.857174,310473.361139
169,-0.005780,332569.632389,0.000000,308027.972665,308025.908003,-9741.675855,310473.361139
170,-0.005682,332569.632389,0.000000,308027.972665,308025.908003,-146275.107818,310473.361139
171,-0.005656,332569.632389,0.000000,308027.972665,308025.908003,-239719.480705,310473.361139
172,-0.005652,332569.632389,0.000000,308027.972665,308025.908003,223591.970438,310473.361139
173,-0.005606,332569.632389,0.000000,308027.972665,308025.908003,127867.568328,310473.361139
174,-0.005569,332569.632389,0.000000,308027.972665,308025.908003,-25942.184699,310473.361139
175,-0.005556,332569.632389,0.000000,308027.972665,308025.908003,-78195.503358,310473.361139
176,-0.005531,332569.632389,332596.397980,308027.972665,308025.908003,113583.920654,310473.361139
177,-0.005483,332569.632389,0.000000,308027.972665,308025.908003,-36.469072,310473.361139
178,-0.005445,332569.632389,0.000000,308027.972665,308025.908003,-2803.855498,310473.361139
179,-0.005443,332569.632389,0.000000,308027.972665,308025.908003,258932.748897,310473.361139
180,-0.005402,332569.632389,0.000000,308027.972665,308025.908003,105157.599595,310473.361139
181,-0.005391,332569.632389,0.000000,308027.972665,308025.908003,-17369.893943,310473.361139
182,-0.005365,332569.632389,0.000000,308027.972665,308025.908003,-201644.267290,310473.361139
183,-0.005354,332569.632389,0.000000,308027.972665,308025.908003,514195.183129,310473.361139
184,-0.005339,332569.632389,332595.787244,308027.972665,308025.908003,-178180.719033,310473.361139
185,-0.005313,332569.632389,0.000000,308027.972665,308025.908003,132446.779054,310473.361139
186,-0.005299,332569.632389,0.000000,308027.972665,308025.908003,158066.056643,310473.361139
187,-0.005296,332569.632389,0.000000,308027.972665,308025.908003,12388.116586,310473.361139
188,-0.005292,332569.632389,0.000000,308027.972665,308025.908003,69993.038603,310473.361139
189,-0.005284,332569.632389,0.000000,308027.972665,308025.908003,22803.125778,310473.361139
190,-0.005283,332569.632389,0.000000,308027.972665,308025.908003,-139146.624520,310473.361139
191,-0.005259,332569.632389,0.000000,308027.972665,308025.908003,-160544.994168,310473.361139
192,-0.005259,332569.632389,0.000000,308027.972665,308025.908003,-81081.093718,310473.361139
193,-0.005227,332569.632389,0.000000,308027.972665,308025.908003,143959.815058,310473.361139
194,-0.005187,332569.632389,0.000000,308027.972665,308025.908003,-37536.737903,310473.361139
195,-0.005172,332569.632389,0.000000,308027.972665,308025.908003,95857.860447,310473.361139
196,-0.005160,332569.632389,0.000000,308027.972665,308025.908003,-92232.250025,310473.361139
197,-0.005119,332569.632389,0.000000,308027.972665,308025.908003,-190629.658152,310473.361139
198,-0.005058,332569.632389,0.000000,308027.972665,308025.908003,-20542.488387,310473.361139
199,-0.005022,332569.632389,0.000000,308027.972665,308025.908003,95884.203623,310473.361139
200,-0.004978,332569.632389,0.000000,308027.972665,308025.908003,223447.441008,310473.361139
201,-0.004973,332569.632389,0.000000,308027.972665,308025.908003,60753.019743,310473.361139
202,-0.004969,332569.632389,0.000000,308027.972665,308025.908003,177294.385923,310473.361139
203,-0.004965,332569.632389,0.000000,308027.972665,308025.908003,-133344.148979,310473.361139
204,-0.004860,332569.632389,0.000000,308027.972665,308025.908003,335209.853466,310473.361139
205,-0.004798,332569.632389,0.000000,308027.972665,308025.908003,-36691.852109,310473.361139
206,-0.004796,332569.632389,0.000000,308027.972665,308025.908003,-270334.179187,310473.361139
207,-0.004794,332569.632389,332594.049829,308027.972665,308025.908003,-55870.983960,310473.361139
208,-0.004778,332569.632389,0.000000,308027.972665,308025.908003,36584.177871,310473.361139
209,-0.004744,332569.632389,0.000000,308027.972665,308025.908003,-104206.753696,310473.361139
210,-0.004711,332569.632389,0.000000,308027.972665,308025.908003,-155354.701734,310473.361139
211,-0.004680,332569.632389,0.000000,308027.972665,308025.908003,-49950.299451,310473.361139
212,-0.004637,332569.632389,0.000000,308027.972665,308025.908003,46217.046539,310473.361139
213,-0.004603,332569.632389,0.000000,308027.972665,308025.908003,370426.528214,310473.361139
214,-0.004602,332569.632389,0.000000,308027.972665,308025.908003,39291.448088,310473.361139
215,-0.004577,332569.632389,0.000000,308027.972665,308025.908003,69976.134014,310473.361139
216,-0.004495,332569.632389,0.000000,308027.972665,308025.908003,48516.085819,310473.361139
217,-0.004460,332569.632389,0.000000,308027.972665,308025.908003,-21123.332792,310473.361139
218,-0.004374,332569.632389,0.000000,308027.972665,308025.908003,16058.549110,310473.361139
219,-0.004338,332569.632389,0.000000,308027.972665,308025.908003,47817.817305,310473.361139
220,-0.004321,332569.632389,0.000000,308027.972665,308025.908003,249915.728706,310473.361139
221,-0.004311,332569.632389,0.000000,308027.972665,308025.908003,175639.930305,310473.361139
222,-0.004274,332569.632389,0.000000,308027.972665,308025.908003,-225016.919154,310473.361139
223,-0.004233,332569.632389,0.000000,308027.972665,308025.908003,-106573.723600,310473.361139
224,-0.004221,332569.632389,0.000000,308027.972665,308025.908003,-282407.996405,310473.361139
225,-0.004199,332569.632389,0.000000,308027.972665,308025.908003,-108356.713743,310473.361139
226,-0.004198,332569.632389,0.000000,308027.972665,308025.908003,234566.192719,310473.361139
227,-0.004147,332569.632389,0.000000,308027.972665,308025.908003,147067.178165,310473.361139
228,-0.004145,332569.632389,332591.985129,308027.972665,308025.908003,-34160.543089,310473.361139
229,-0.004070,332569.632389,332591.744723,308027.972665,308025.908003,-74112.496486,310473.361139
230,-0.004034,332569.632389,0.000000,308027.972665,308025.908003,223345.598859,310473.361139
231,-0.004011,332569.632389,0.000000,308027.972665,308025.908003,-147198.239168,310473.361139
232,-0.003973,332569.632389,0.000000,308027.972665,308025.908003,91907.419149,310473.361139
233,-0.003968,332569.632389,0.000000,308027.972665,308025.908003,193533.422256,310473.361139
234,-0.003954,332569.632389,0.000000,308027.972665,308025.908003,-84539.698113,310473.361139
235,-0.003947,332569.632389,0.000000,308027.972665,308025.908003,118066.785169,310473.361139
236,-0.003935,332569.632389,0.000000,308027.972665,308025.908003,-113483.267876,310473.361139
237,-0.003932,332569.632389,332591.305742,308027.972665,308025.908003,34098.321677,310473.361139
238,-0.003921,332569.632389,0.000000,308027.972665,308025.908003,10958.143213,310473.361139
239,-0.003890,332569.632389,332591.172862,308027.972665,308025.908003,31845.491683,310473.361139
240,-0.003858,332569.632389,0.000000,308027.972665,308025.908003,193254.298989,310473.361139
241,-0.003854,332569.632389,0.000000,308027.972665,308025.908003,-374591.605684,310473.361139
242,-0.003842,332569.632389,0.000000,308027.972665,308025.908003,126354.616871,310473.361139
243,-0.003837,332569.632389,332591.004099,308027.972665,308025.908003,175361.172584,310473.361139
244,-0.003787,332569.632389,0.000000,308027.972665,308025.908003,-131760.112472,310473.361139
245,-0.003677,332569.632389,0.000000,308027.972665,308025.908003,5988.467658,310473.361139
246,-0.003613,332569.632389,0.000000,308027.972665,308025.908003,92761.978451,310473.361139
247,-0.003559,332569.632389,0.000000,308027.972665,308025.908003,-530.059813,310473.361139
248,-0.003536,332569.632389,0.000000,308027.972665,308025.908003,234092.255405,310473.361139
249,-0.003495,332569.632389,0.000000,308027.972665,308025.908003,98666.890931,310473.361139
250,-0.003494,332569.632389,332589.910479,308027.972665,308025.908003,37573.324362,310473.361139
251,-0.003477,332569.632389,0.000000,308027.972665,308025.908003,-126350.187384,310473.361139
252,-0.003453,332569.632389,0.000000,308027.972665,308025.908003,29495.659921,310473.361139
253,-0.003406,332569.632389,0.000000,308027.972665,308025.908003,-792.854350,310473.361139
254,-0.003383,332569.632389,0.000000,308027.972665,308025.908003,-86265.707097,310473.361139
255,-0.003295,332569.632389,0.000000,308027.972665,308025.908003,-36438.843050,310473.361139
256,-0.003273,332569.632389,0.000000,308027.972665,308025.908003,172725.486761,310473.361139
257,-0.003250,332569.632389,0.000000,308027.972665,308025.908003,-36138.118606,310473.361139
258,-0.003239,332569.632389,0.000000,308027.972665,308025.908003,-86169.617171,310473.361139
259,-0.003221,332569.632389,0.000000,308027.972665,308025.908003,246457.924953,310473.361139
260,-0.003155,332569.632389,0.000000,308027.972665,308025.908003,-294934.387817,310473.361139
261,-0.003137,332569.632389,0.000000,308027.972665,308025.908003,-257274.857660,310473.361139
262,-0.003108,332569.632389,0.000000,308027.972665,308025.908003,41856.279200,310473.361139
263,-0.003073,332569.632389,0.000000,308027.972665,308025.908003,46360.821685,310473.361139
264,-0.003043,332569.632389,0.000000,308027.972665,308025.908003,-98317.030575,310473.361139
265,-0.003038,332569.632389,0.000000,308027.972665,308025.908003,99204.283103,310473.361139
266,-0.002945,332569.632389,0.000000,308027.972665,308025.908003,-134288.396857,310473.361139
267,-0.002924,332569.632389,0.000000,308027.972665,308025.908003,-198482.264031,310473.361139
268,-0.002902,332569.632389,0.000000,308027.972665,308025.908003,-156965.229924,310473.361139
269,-0.002856,332569.632389,0.000000,308027.972665,308025.908003,-69852.332835,310473.361139
270,-0.002775,332569.632389,0.000000,308027.972665,308025.908003,179974.585008,310473.361139
271,-0.002771,332569.632389,0.000000,308027.972665,308025.908003,128460.740032,310473.361139
272,-0.002724,332569.632389,0.000000,308027.972665,308025.908003,-48351.408554,310473.361139
273,-0.002692,332569.632389,0.000000,308027.972665,308025.908003,-61190.555098,310473.361139
274,-0.002671,332569.632389,0.000000,308027.972665,308025.908003,128517.562242,310473.361139
275,-0.002659,332569.632389,0.000000,308027.972665,308025.908003,44431.392129,310473.361139
276,-0.002641,332569.632389,0.000000,308027.972665,308025.908003,-22850.265505,310473.361139
277,-0.002634,332569.632389,0.000000,308027.972665,308025.908003,-114110.764955,310473.361139
278,-0.002593,332569.632389,0.000000,308027.972665,308025.908003,336443.633420,310473.361139
279,-0.002578,332569.632389,0.000000,308027.972665,308025.908003,229425.805240,310473.361139
280,-0.002549,332569.632389,0.000000,308027.972665,308025.908003,-201954.253249,310473.361139
281,-0.002539,332569.632389,0.000000,308027.972665,308025.908003,302482.374852,310473.361139
282,-0.002537,332569.632389,0.000000,308027.972665,308025.908003,-142270.353089,310473.361139
283,-0.002515,332569.632389,0.000000,308027.972665,308025.908003,311262.475639,310473.361139
284,-0.002506,332569.632389,0.000000,308027.972665,308025.908003,-19634.739412,310473.361139
285,-0.002490,332569.632389,0.000000,308027.972665,308025.908003,-35546.638645,310473.361139
286,-0.002462,332569.632389,332586.623335,308027.972665,308025.908003,-57468.181261,310473.361139
287,-0.002445,332569.632389,0.000000,308027.972665,308025.908003,223512.051898,310473.361139
288,-0.002436,332569.632389,0.000000,308027.972665,308025.908003,-49490.514410,310473.361139
289,-0.002412,332569.632389,0.000000,308027.972665,308025.908003,262449.084171,310473.361139
290,-0.002383,332569.632389,0.000000,308027.972665,308025.908003,50267.396732,310473.361139
291,-0.002381,332569.632389,0.000000,308027.972665,308025.908003,4615.641645,310473.361139
292,-0.002360,332569.632389,0.000000,308027.972665,308025.908003,-254168.568649,310473.361139
293,-0.002357,332569.632389,0.000000,308027.972665,308025.908003,26693.014365,310473.361139
294,-0.002323,332569.632389,0.000000,308027.972665,308025.908003,154944.352523,310473.361139
295,-0.002321,332569.632389,0.000000,308027.972665,308025.908003,156864.147780,310473.361139
296,-0.002316,332569.632389,0.000000,308027.972665,308025.908003,-126977.083749,310473.361139
297,-0.002315,332569.632389,0.000000,308027.972665,308025.908003,-7311.248977,310473.361139
298,-0.002248,332569.632389,0.000000,308027.972665,308025.908003,-133114.978930,310473.361139
299,-0.002239,332569.632389,0.000000,308027.972665,308025.908003,-26038.466552,310473.361139
300,-0.002238,332569.632389,0.000000,308027.972665,308025.908003,-14860.371025,310473.361139
301,-0.002231,332569.632389,0.000000,308027.972665,308025.908003,153980.829170,310473.361139
302,-0.002134,332569.632389,0.000000,308027.972665,308025.908003,98825.489904,310473.361139
303,-0.002124,332569.632389,0.000000,308027.972665,308025.908003,243814.052808,310473.361139
304,-0.002116,332569.632389,0.000000,308027.972665,308025.908003,-9380.484616,310473.361139
305,-0.002105,332569.632389,0.000000,308027.972665,308025.908003,-178670.785153,310473.361139
306,-0.002033,332569.632389,0.000000,308027.972665,308025.908003,-518171.987086,310473.361139
307,-0.002030,332569.632389,0.000000,308027.972665,308025.908003,-79718.271838,310473.361139
308,-0.002022,332569.632389,0.000000,308027.972665,308025.908003,-46812.403731,310473.361139
309,-0.002019,332569.632389,0.000000,308027.972665,308025.908003,10195.740721,310473.361139
310,-0.001981,332569.632389,0.000000,308027.972665,308025.908003,-200237.610762,310473.361139
311,-0.001940,332569.632389,0.000000,308027.972665,308025.908003,363198.299411,310473.361139
312,-0.001918,332569.632389,0.000000,308027.972665,308025.908003,-120242.855583,310473.361139
313,-0.001917,332569.632389,0.000000,308027.972665,308025.908003,35462.844747,310473.361139
314,-0.001875,332569.632389,0.000000,308027.972665,308025.908003,-52029.310395,310473.361139
315,-0.001843,332569.632389,0.000000,308027.972665,308025.908003,-101878.646298,310473.361139
316,-0.001835,332569.632389,0.000000,308027.972665,308025.908003,156876.886489,310473.361139
317,-0.001824,332569.632389,332584.590741,308027.972665,308025.908003,-92771.564278,310473.361139
318,-0.001817,332569.632389,0.000000,308027.972665,308025.908003,-25554.555103,310473.361139
319,-0.001800,332569.632389,0.000000,308027.972665,308025.908003,37235.817350,310473.361139
320,-0.001787,332569.632389,332584.472483,308027.972665,308025.908003,-41522.464841,310473.361139
321,-0.001782,332569.632389,332584.459497,308027.972665,308025.908003,-133723.959192,310473.361139
322,-0.001670,332569.632389,0.000000,308027.972665,308025.908003,137755.281549,310473.361139
323,-0.001645,332569.632389,0.000000,308027.972665,308025.908003,43295.397305,310473.361139
324,-0.001628,332569.632389,0.000000,308027.972665,308025.908003,62079.420154,310473.361139
325,-0.001627,332569.632389,0.000000,308027.972665,308025.908003,-84670.919558,310473.361139
326,-0.001625,332569.632389,0.000000,308027.972665,308025.908003,-20383.330767,310473.361139
327,-0.001617,332569.632389,0.000000,308027.972665,308025.908003,-44807.734504,310473.361139
328,-0.001606,332569.632389,0.000000,308027.972665,308025.908003,-126934.619621,310473.361139
329,-0.001559,332569.632389,0.000000,308027.972665,308025.908003,49593.381785,310473.361139
330,-0.001549,332569.632389,0.000000,308027.972665,308025.908003,97415.959913,310473.361139
331,-0.001526,332569.632389,0.000000,308027.972665,308025.908003,-179744.810389,310473.361139
332,-0.001524,332569.632389,0.000000,308027.972665,308025.908003,-240550.740792,310473.361139
333,-0.001521,332569.632389,0.000000,308027.972665,308025.908003,-52830.432624,310473.361139
334,-0.001437,332569.632389,332583.358753,308027.972665,308025.908003,103698.728486,310473.361139
335,-0.001419,332569.632389,0.000000,308027.972665,308025.908003,28117.534559,310473.361139
336,-0.001419,332569.632389,0.000000,308027.972665,308025.908003,112261.467636,310473.361139
337,-0.001400,332569.632389,0.000000,308027.972665,308025.908003,68415.548089,310473.361139
338,-0.001387,332569.632389,0.000000,308027.972665,308025.908003,13107.014254,310473.361139
339,-0.001361,332569.632389,0.000000,308027.972665,308025.908003,209145.014066,310473.361139
340,-0.001356,332569.632389,0.000000,308027.972665,308025.908003,-17884.616949,310473.361139
341,-0.001349,332569.632389,0.000000,308027.972665,308025.908003,-191433.443305,310473.361139
342,-0.001328,332569.632389,0.000000,308027.972665,308025.908003,-177291.591818,310473.361139
343,-0.001321,332569.632389,0.000000,308027.972665,308025.908003,-198411.173731,310473.361139
344,-0.001320,332569.632389,0.000000,308027.972665,308025.908003,-67289.828994,310473.361139
345,-0.001298,332569.632389,0.000000,308027.972665,308025.908003,-50452.858632,310473.361139
346,-0.001292,332569.632389,0.000000,308027.972665,308025.908003,-166340.203987,310473.361139
347,-0.001283,332569.632389,332582.867130,308027.972665,308025.908003,-95919.411100,310473.361139
348,-0.001214,332569.632389,0.000000,308027.972665,308025.908003,-16690.111905,310473.361139
349,-0.001194,332569.632389,0.000000,308027.972665,308025.908003,27295.854059,310473.361139
350,-0.001178,332569.632389,0.000000,308027.972665,308025.908003,-33985.133786,310473.361139
351,-0.001098,332569.632389,0.000000,308027.972665,308025.908003,-62199.745186,310473.361139
352,-0.001065,332569.632389,0.000000,308027.972665,308025.908003,44261.974767,310473.361139
353,-0.001034,332569.632389,0.000000,308027.972665,308025.908003,-103608.534659,310473.361139
354,-0.001031,332569.632389,0.000000,308027.972665,308025.908003,31791.915832,310473.361139
355,-0.000989,332569.632389,0.000000,308027.972665,308025.908003,90074.773694,310473.361139
356,-0.000969,332569.632389,0.000000,308027.972665,308025.908003,22997.065291,310473.361139
357,-0.000957,332569.632389,0.000000,308027.972665,308025.908003,145449.081429,310473.361139
358,-0.000943,332569.632389,0.000000,308027.972665,308025.908003,91465.884230,310473.361139
359,-0.000925,332569.632389,0.000000,308027.972665,308025.908003,130021.713850,310473.361139
360,-0.000868,332569.632389,0.000000,308027.972665,308025.908003,-175865.562667,310473.361139
361,-0.000862,332569.632389,0.000000,308027.972665,308025.908003,345189.980445,310473.361139
362,-0.000836,332569.632389,0.000000,308027.972665,308025.908003,58981.264815,310473.361139
363,-0.000831,332569.632389,0.000000,308027.972665,308025.908003,-56647.104810,310473.361139
364,-0.000815,332569.632389,0.000000,308027.972665,308025.908003,243223.099668,310473.361139
365,-0.000806,332569.632389,0.000000,308027.972665,308025.908003,21391.907059,310473.361139
366,-0.000793,332569.632389,0.000000,308027.972665,308025.908003,134262.395144,310473.361139
367,-0.000774,332569.632389,332581.245840,308027.972665,308025.908003,-90914.749754,310473.361139
368,-0.000764,332569.632389,0.000000,308027.972665,308025.908003,-98855.582323,310473.361139
369,-0.000713,332569.632389,0.000000,308027.972665,308025.908003,12745.178497,310473.361139
370,-0.000631,332569.632389,0.000000,308027.972665,308025.908003,113107.854394,310473.361139
371,-0.000629,332569.632389,0.000000,308027.972665,308025.908003,-127149.864103,310473.361139
372,-0.000594,332569.632389,0.000000,308027.972665,308025.908003,-55672.478408,310473.361139
373,-0.000533,332569.632389,0.000000,308027.972665,308025.908003,-78408.173163,310473.361139
374,-0.000517,332569.632389,0.000000,308027.972665,308025.908003,142777.999522,310473.361139
375,-0.000478,332569.632389,332580.303522,308027.972665,308025.908003,22012.697775,310473.361139
376,-0.000476,332569.632389,0.000000,308027.972665,308025.908003,-157526.990436,310473.361139
377,-0.000474,332569.632389,0.000000,308027.972665,308025.908003,-172326.654779,310473.361139
378,-0.000450,332569.632389,0.000000,308027.972665,308025.908003,17718.076116,310473.361139
379,-0.000396,332569.632389,0.000000,308027.972665,308025.908003,177367.758424,310473.361139
380,-0.000351,332569.632389,0.000000,308027.972665,308025.908003,329308.638153,310473.361139
381,-0.000319,332569.632389,0.000000,308027.972665,308025.908003,384928.345268,310473.361139
382,-0.000316,332569.632389,0.000000,308027.972665,308025.908003,-43142.986266,310473.361139
383,-0.000309,332569.632389,0.000000,308027.972665,308025.908003,52102.514310,310473.361139
384,-0.000248,332569.632389,332579.570302,308027.972665,308025.908003,149171.817575,310473.361139
385,-0.000235,332569.632389,0.000000,308027.972665,308025.908003,-215287.899314,310473.361139
386,-0.000234,332569.632389,0.000000,308027.972665,308025.908003,304431.971733,310473.361139
387,-0.000211,332569.632389,0.000000,308027.972665,308025.908003,119370.131706,310473.361139
388,-0.000206,332569.632389,0.000000,308027.972665,308025.908003,-218606.014360,310473.361139
389,-0.000188,332569.632389,0.000000,308027.972665,308025.908003,-217461.429663,310473.361139
390,-0.000171,332569.632389,0.000000,308027.972665,308025.908003,87280.316300,310473.361139
391,-0.000126,332569.632389,0.000000,308027.972665,308025.908003,-104934.743222,310473.361139
392,-0.000091,332569.632389,0.000000,308027.972665,308025.908003,11866.847310,310473.361139
393,-0.000081,332569.632389,0.000000,308027.972665,308025.908003,226734.104468,310473.361139
394,-0.000039,332569.632389,0.000000,308027.972665,308025.908003,131093.642370,310473.361139
395,-0.000033,332569.632389,0.000000,308027.972665,308025.908003,250849.501628,310473.361139
396,-0.000010,332569.632389,0.000000,308027.972665,308025.908003,-222806.018258,310473.361139
397,0.000004,332569.632389,0.000000,308027.972665,308025.908003,474.010990,310473.361139
398,0.000008,332569.632389,0.000000,308027.972665,308025.908003,-56245.807610,310473.361139
399,0.000026,332569.632389,0.000000,308027.972665,308025.908003,19818.998967,310473.361139
400,0.000028,332569.632389,0.000000,308027.972665,308025.908003,-94509.127373,310473.361139
401,0.000040,332569.632389,0.000000,308027.972665,308025.908003,-130272.224475,310473.361139
402,0.000049,332569.632389,332578.624336,308027.972665,308025.908003,37.107187,310473.361139
403,0.000056,332569.632389,0.000000,308027.972665,308025.908003,-132969.851694,310473.361139
404,0.000094,332569.632389,0.000000,308027.972665,308025.908003,-23370.129489,310473.361139
405,0.000102,332569.632389,0.000000,308027.972665,308025.908003,-39796.705503,310473.361139
406,0.000115,332569.632389,0.000000,308027.972665,308025.908003,-64498.384117,310473.361139
407,0.000136,332569.632389,0.000000,308027.972665,308025.908003,88957.221818,310473.361139
408,0.000137,332569.632389,0.000000,308027.972665,308025.908003,109405.351675,310473.361139
409,0.000140,332569.632389,0.000000,308027.972665,308025.908003,39533.206942,310473.361139
410,0.000152,332569.632389,0.000000,308027.972665,308025.908003,-36656.313291,310473.361139
411,0.000164,332569.632389,0.000000,308027.972665,308025.908003,325606.672969,310473.361139
412,0.000168,332569.632389,0.000000,308027.972665,308025.908003,35488.678008,310473.361139
413,0.000175,332569.632389,332578.222929,308027.972665,308025.908003,-148746.201418,310473.361139
414,0.000196,332569.632389,0.000000,308027.972665,308025.908003,112787.545375,310473.361139
415,0.000206,332569.632389,0.000000,308027.972665,308025.908003,-60030.689595,310473.361139
416,0.000207,332569.632389,0.000000,308027.972665,308025.908003,50320.618898,310473.361139
417,0.000228,332569.632389,0.000000,308027.972665,308025.908003,-67781.273270,310473.361139
418,0.000246,332569.632389,0.000000,308027.972665,308025.908003,-404943.978413,310473.361139
419,0.000249,332569.632389,0.000000,308027.972665,308025.908003,58067.401329,310473.361139
420,0.000262,332569.632389,0.000000,308027.972665,308025.908003,3463.578203,310473.361139
421,0.000282,332569.632389,0.000000,308027.972665,308025.908003,181518.773367,310473.361139
422,0.000324,332569.632389,0.000000,308027.972665,308025.908003,-47673.296477,310473.361139
423,0.000370,332569.632389,0.000000,308027.972665,308025.908003,93296.749581,310473.361139
424,0.000391,332569.632389,0.000000,308027.972665,308025.908003,-2455.872070,310473.361139
425,0.000432,332569.632389,0.000000,308027.972665,308025.908003,79679.900487,310473.361139
426,0.000434,332569.632389,0.000000,308027.972665,308025.908003,44562.926455,310473.361139
427,0.000438,332569.632389,0.000000,308027.972665,308025.908003,-102279.466848,310473.361139
428,0.000450,332569.632389,0.000000,308027.972665,308025.908003,126586.531024,310473.361139
429,0.000456,332569.632389,0.000000,308027.972665,308025.908003,-92991.890865,310473.361139
430,0.000471,332569.632389,0.000000,308027.972665,308025.908003,170538.618503,310473.361139
431,0.000493,332569.632389,0.000000,308027.972665,308025.908003,-142474.637019,310473.361139
432,0.000496,332569.632389,0.000000,308027.972665,308025.908003,-31543.487422,310473.361139
433,0.000516,332569.632389,0.000000,308027.972665,308025.908003,-48102.020223,310473.361139
434,0.000586,332569.632389,332576.915752,308027.972665,308025.908003,38996.763752,310473.361139
435,0.000592,332569.632389,0.000000,308027.972665,308025.908003,83361.395567,310473.361139
436,0.000616,332569.632389,0.000000,308027.972665,308025.908003,89284.229643,310473.361139
437,0.000624,332569.632389,0.000000,308027.972665,308025.908003,-103667.757678,310473.361139
438,0.000626,332569.632389,0.000000,308027.972665,308025.908003,44683.035634,310473.361139
439,0.000633,332569.632389,0.000000,308027.972665,308025.908003,-260689.151118,310473.361139
440,0.000634,332569.632389,0.000000,308027.972665,308025.908003,133876.840584,310473.361139
441,0.000656,332569.632389,0.000000,308027.972665,308025.908003,-27687.598648,310473.361139
442,0.000685,332569.632389,0.000000,308027.972665,308025.908003,31572.108999,310473.361139
443,0.000694,332569.632389,0.000000,308027.972665,308025.908003,-39835.954714,310473.361139
444,0.000695,332569.632389,0.000000,308027.972665,308025.908003,86428.871333,310473.361139
445,0.000748,332569.632389,0.000000,308027.972665,308025.908003,-42311.457832,310473.361139
446,0.000757,332569.632389,0.000000,308027.972665,308025.908003,114179.099099,310473.361139
447,0.000774,332569.632389,0.000000,308027.972665,308025.908003,200801.323296,310473.361139
448,0.000780,332569.632389,0.000000,308027.972665,308025.908003,254355.560769,310473.361139
449,0.000809,332569.632389,0.000000,308027.972665,308025.908003,-258493.075988,310473.361139
450,0.000818,332569.632389,0.000000,308027.972665,308025.908003,40336.468761,310473.361139
451,0.000820,332569.632389,0.000000,308027.972665,308025.908003,132041.598441,310473.361139
452,0.000835,332569.632389,0.000000,308027.972665,308025.908003,-190764.889036,310473.361139
453,0.000860,332569.632389,332576.041769,308027.972665,308025.908003,209291.018334,310473.361139
454,0.000869,332569.632389,0.000000,308027.972665,308025.908003,-45785.712612,310473.361139
455,0.000881,332569.632389,0.000000,308027.972665,308025.908003,-2538.872020,310473.361139
456,0.000943,332569.632389,0.000000,308027.972665,308025.908003,25950.308149,310473.361139
457,0.000999,332569.632389,0.000000,308027.972665,308025.908003,235840.294649,310473.361139
458,0.001023,332569.632389,0.000000,308027.972665,308025.908003,155004.926880,310473.361139
459,0.001037,332569.632389,0.000000,308027.972665,308025.908003,162584.851485,310473.361139
460,0.001042,332569.632389,0.000000,308027.972665,308025.908003,-53527.295233,310473.361139
461,0.001048,332569.632389,0.000000,308027.972665,308025.908003,48646.765280,310473.361139
462,0.001050,332569.632389,0.000000,308027.972665,308025.908003,188471.465259,310473.361139
463,0.001082,332569.632389,0.000000,308027.972665,308025.908003,56816.052495,310473.361139
464,0.001100,332569.632389,0.000000,308027.972665,308025.908003,-264230.924304,310473.361139
465,0.001119,332569.632389,332575.216154,308027.972665,308025.908003,37240.319670,310473.361139
466,0.001119,332569.632389,0.000000,308027.972665,308025.908003,-545.604959,310473.361139
467,0.001127,332569.632389,0.000000,308027.972665,308025.908003,115141.746099,310473.361139
468,0.001136,332569.632389,332575.163669,308027.972665,308025.908003,64821.359604,310473.361139
469,0.001146,332569.632389,0.000000,308027.972665,308025.908003,-36467.595003,310473.361139
470,0.001171,332569.632389,0.000000,308027.972665,308025.908003,-2822.455877,310473.361139
471,0.001175,332569.632389,332575.039140,308027.972665,308025.908003,260552.874063,310473.361139
472,0.001345,332569.632389,0.000000,308027.972665,308025.908003,19168.768610,310473.361139
473,0.001346,332569.632389,0.000000,308027.972665,308025.908003,26645.778687,310473.361139
474,0.001384,332569.632389,0.000000,308027.972665,308025.908003,104827.658570,310473.361139
475,0.001398,332569.632389,0.000000,308027.972665,308025.908003,-190301.344802,310473.361139
476,0.001443,332569.632389,332574.185926,308027.972665,308025.908003,119605.218764,310473.361139
477,0.001448,332569.632389,0.000000,308027.972665,308025.908003,111154.010787,310473.361139
478,0.001448,332569.632389,0.000000,308027.972665,308025.908003,79931.434006,310473.361139
479,0.001488,332569.632389,0.000000,308027.972665,308025.908003,-113761.190610,310473.361139
480,0.001489,332569.632389,0.000000,308027.972665,308025.908003,182147.178069,310473.361139
481,0.001490,332569.632389,0.000000,308027.972665,308025.908003,-9134.766593,310473.361139
482,0.001564,332569.632389,0.000000,308027.972665,308025.908003,-92139.924467,310473.361139
483,0.001585,332569.632389,0.000000,308027.972665,308025.908003,-41787.952687,310473.361139
484,0.001601,332569.632389,0.000000,308027.972665,308025.908003,-77461.378473,310473.361139
485,0.001623,332569.632389,332573.611115,308027.972665,308025.908003,-28623.398941,310473.361139
486,0.001652,332569.632389,0.000000,308027.972665,308025.908003,-213121.002109,310473.361139
487,0.001666,332569.632389,332573.475035,308027.972665,308025.908003,233060.545055,310473.361139
488,0.001672,332569.632389,0.000000,308027.972665,308025.908003,-103162.970771,310473.361139
489,0.001676,332569.632389,0.000000,308027.972665,308025.908003,-5684.119598,310473.361139
490,0.001697,332569.632389,0.000000,308027.972665,308025.908003,270010.159853,310473.361139
491,0.001704,332569.632389,0.000000,308027.972665,308025.908003,-302760.793557,310473.361139
492,0.001736,332569.632389,0.000000,308027.972665,308025.908003,-54882.253660,310473.361139
493,0.001757,332569.632389,0.000000,308027.972665,308025.908003,-75011.262943,310473.361139
494,0.001776,332569.632389,0.000000,308027.972665,308025.908003,-192957.251147,310473.361139
495,0.001777,332569.632389,332573.119735,308027.972665,308025.908003,-266610.600341,310473.361139
496,0.001830,332569.632389,0.000000,308027.972665,308025.908003,-133269.310960,310473.361139
497,0.001867,332569.632389,0.000000,308027.972665,308025.908003,157043.211452,310473.361139
498,0.001869,332569.632389,0.000000,308027.972665,308025.908003,75094.848034,310473.361139
499,0.001893,332569.632389,0.000000,308027.972665,308025.908003,-82446.624192,310473.361139
500,0.001899,332569.632389,0.000000,308027.972665,308025.908003,-34949.929589,310473.361139
501,0.001917,332569.632389,0.000000,308027.972665,308025.908003,-82079.805838,310473.361139
502,0.001938,332569.632389,0.000000,308027.972665,308025.908003,-45427.985914,310473.361139
503,0.001952,332569.632389,0.000000,308027.972665,308025.908003,152292.173302,310473.361139
504,0.001959,332569.632389,0.000000,308027.972665,308025.908003,-92183.312573,310473.361139
505,0.001993,332569.632389,0.000000,308027.972665,308025.908003,-64297.096810,310473.361139
506,0.001996,332569.632389,332572.422295,308027.972665,308025.908003,-25728.907748,310473.361139
507,0.002014,332569.632389,0.000000,308027.972665,308025.908003,34210.499515,310473.361139
508,0.002033,332569.632389,0.000000,308027.972665,308025.908003,-127676.465628,310473.361139
509,0.002034,332569.632389,0.000000,308027.972665,308025.908003,-69411.527071,310473.361139
510,0.002052,332569.632389,0.000000,308027.972665,308025.908003,-179973.342991,310473.361139
511,0.002054,332569.632389,332572.239678,308027.972665,308025.908003,-214555.949687,310473.361139
512,0.002055,332569.632389,0.000000,308027.972665,308025.908003,-242469.799010,310473.361139
513,0.002074,332569.632389,0.000000,308027.972665,308025.908003,-61139.500751,310473.361139
514,0.002084,332569.632389,0.000000,308027.972665,308025.908003,133448.717547,310473.361139
515,0.002102,332569.632389,0.000000,308027.972665,308025.908003,130227.950534,310473.361139
516,0.002152,332569.632389,0.000000,308027.972665,308025.908003,-146169.441215,310473.361139
517,0.002193,332569.632389,0.000000,308027.972665,308025.908003,384252.329198,310473.361139
518,0.002255,332569.632389,332571.598836,308027.972665,308025.908003,-19311.496359,310473.361139
519,0.002255,332569.632389,332571.597396,308027.972665,308025.908003,-85712.922885,310473.361139
520,0.002289,332569.632389,0.000000,308027.972665,308025.908003,51399.779530,310473.361139
521,0.002310,332569.632389,0.000000,308027.972665,308025.908003,-19786.047478,310473.361139
522,0.002312,332569.632389,0.000000,308027.972665,308025.908003,230979.654257,310473.361139
523,0.002392,332569.632389,0.000000,308027.972665,308025.908003,16426.194824,310473.361139
524,0.002475,332569.632389,0.000000,308027.972665,308025.908003,-18146.345723,310473.361139
525,0.002518,332569.632389,0.000000,308027.972665,308025.908003,157353.171109,310473.361139
526,0.002538,332569.632389,0.000000,308027.972665,308025.908003,242863.198336,310473.361139
527,0.002563,332569.632389,0.000000,308027.972665,308025.908003,-190249.915817,310473.361139
528,0.002642,332569.632389,0.000000,308027.972665,308025.908003,-210114.910702,310473.361139
529,0.002659,332569.632389,0.000000,308027.972665,308025.908003,134791.466779,310473.361139
530,0.002663,332569.632389,0.000000,308027.972665,308025.908003,103354.770060,310473.361139
531,0.002684,332569.632389,0.000000,308027.972665,308025.908003,-111.307810,310473.361139
532,0.002696,332569.632389,0.000000,308027.972665,308025.908003,-52077.837882,310473.361139
533,0.002703,332569.632389,332570.169949,308027.972665,308025.908003,152013.277175,310473.361139
534,0.002759,332569.632389,0.000000,308027.972665,308025.908003,-84162.551610,310473.361139
535,0.002812,332569.632389,0.000000,308027.972665,308025.908003,-416665.506427,310473.361139
536,0.002834,332569.632389,0.000000,308027.972665,308025.908003,265593.376464,310473.361139
537,0.002849,332569.632389,332569.706298,308027.972665,308025.908003,-1300.252022,310473.361139
538,0.002856,332569.632389,0.000000,308027.972665,308025.908003,173453.218099,310473.361139
539,0.002865,332569.632389,0.000000,308027.972665,308025.908003,125186.562061,310473.361139
540,0.002871,332569.632389,0.000000,308027.972665,308025.908003,19958.918344,310473.361139
541,0.002915,332569.632389,0.000000,308027.972665,308025.908003,129582.149697,310473.361139
542,0.003116,332569.632389,0.000000,308027.972665,308025.908003,141512.495756,310473.361139
543,0.003132,332569.632389,0.000000,308027.972665,308025.908003,-146103.479742,310473.361139
544,0.003159,332569.632389,0.000000,308027.972665,308025.908003,-216704.249729,310473.361139
545,0.003184,332569.632389,0.000000,308027.972665,308025.908003,127245.224041,310473.361139
546,0.003218,332569.632389,0.000000,308027.972665,308025.908003,273506.003051,310473.361139
547,0.003228,332569.632389,0.000000,308027.972665,308025.908003,-7603.498044,310473.361139
548,0.003301,332569.632389,0.000000,308027.972665,308025.908003,128868.024966,310473.361139
549,0.003314,332569.632389,332568.222948,308027.972665,308025.908003,104063.236520,310473.361139
550,0.003350,332569.632389,0.000000,308027.972665,308025.908003,79771.287572,310473.361139
551,0.003388,332569.632389,0.000000,308027.972665,308025.908003,-217543.389703,310473.361139
552,0.003390,332569.632389,0.000000,308027.972665,308025.908003,252198.238594,310473.361139
553,0.003403,332569.632389,0.000000,308027.972665,308025.908003,-14590.467507,310473.361139
554,0.003404,332569.632389,0.000000,308027.972665,308025.908003,-59536.788516,310473.361139
555,0.003451,332569.632389,0.000000,308027.972665,308025.908003,77598.322929,310473.361139
556,0.003484,332569.632389,0.000000,308027.972665,308025.908003,-46948.911820,310473.361139
557,0.003536,332569.632389,0.000000,308027.972665,308025.908003,-204217.720307,310473.361139
558,0.003543,332569.632389,0.000000,308027.972665,308025.908003,138599.019229,310473.361139
559,0.003561,332569.632389,0.000000,308027.972665,308025.908003,67378.856229,310473.361139
560,0.003587,332569.632389,0.000000,308027.972665,308025.908003,-17255.474088,310473.361139
561,0.003598,332569.632389,0.000000,308027.972665,308025.908003,-107508.992289,310473.361139
562,0.003615,332569.632389,0.000000,308027.972665,308025.908003,106668.646503,310473.361139
563,0.003633,332569.632389,0.000000,308027.972665,308025.908003,215316.181123,310473.361139
564,0.003655,332569.632389,0.000000,308027.972665,308025.908003,17458.162594,310473.361139
565,0.003693,332569.632389,0.000000,308027.972665,308025.908003,-222376.166473,310473.361139
566,0.003739,332569.632389,0.000000,308027.972665,308025.908003,-113770.030522,310473.361139
567,0.003759,332569.632389,0.000000,308027.972665,308025.908003,-4803.186381,310473.361139
568,0.003774,332569.632389,0.000000,308027.972665,308025.908003,-113897.745159,310473.361139
569,0.003959,332569.632389,0.000000,308027.972665,308025.908003,-271328.956519,310473.361139
570,0.004014,332569.632389,0.000000,308027.972665,308025.908003,-64094.385567,310473.361139
571,0.004019,332569.632389,0.000000,308027.972665,308025.908003,-99942.169733,310473.361139
572,0.004049,332569.632389,0.000000,308027.972665,308025.908003,-132877.090336,310473.361139
573,0.004113,332569.632389,0.000000,308027.972665,308025.908003,14007.763364,310473.361139
574,0.004123,332569.632389,332565.645039,308027.972665,308025.908003,90086.598809,310473.361139
575,0.004232,332569.632389,0.000000,308027.972665,308025.908003,-78479.810823,310473.361139
576,0.004311,332569.632389,0.000000,308027.972665,308025.908003,-232086.334450,310473.361139
577,0.004313,332569.632389,332565.040783,308027.972665,308025.908003,115481.339567,310473.361139
578,0.004373,332569.632389,0.000000,308027.972665,308025.908003,-251248.382652,310473.361139
579,0.004428,332569.632389,0.000000,308027.972665,308025.908003,-134129.408602,310473.361139
580,0.004477,332569.632389,0.000000,308027.972665,308025.908003,81518.515933,310473.361139
581,0.004478,332569.632389,332564.513378,308027.972665,308025.908003,-62540.464105,310473.361139
582,0.004504,332569.632389,0.000000,308027.972665,308025.908003,78446.125238,310473.361139
583,0.004520,332569.632389,332564.379088,308027.972665,308025.908003,-251917.803013,310473.361139
584,0.004525,332569.632389,332564.365050,308027.972665,308025.908003,80724.077501,310473.361139
585,0.004528,332569.632389,332564.354919,308027.972665,308025.908003,313958.710198,310473.361139
586,0.004528,332569.632389,0.000000,308027.972665,308025.908003,30466.016052,310473.361139
587,0.004634,332569.632389,0.000000,308027.972665,308025.908003,-156284.009154,310473.361139
588,0.004659,332569.632389,0.000000,308027.972665,308025.908003,-57826.115440,310473.361139
589,0.004681,332569.632389,0.000000,308027.972665,308025.908003,52119.308458,310473.361139
590,0.004684,332569.632389,0.000000,308027.972665,308025.908003,24990.822607,310473.361139
591,0.004763,332569.632389,332563.606522,308027.972665,308025.908003,74082.275555,310473.361139
592,0.004829,332569.632389,0.000000,308027.972665,308025.908003,202750.059977,310473.361139
593,0.004859,332569.632389,0.000000,308027.972665,308025.908003,17449.441000,310473.361139
594,0.004927,332569.632389,0.000000,308027.972665,308025.908003,123817.129089,310473.361139
595,0.004936,332569.632389,0.000000,308027.972665,308025.908003,-124922.184776,310473.361139
596,0.004998,332569.632389,0.000000,308027.972665,308025.908003,112842.582099,310473.361139
597,0.005002,332569.632389,332562.843977,308027.972665,308025.908003,167555.844727,310473.361139
598,0.005015,332569.632389,0.000000,308027.972665,308025.908003,144371.490229,310473.361139
599,0.005049,332569.632389,0.000000,308027.972665,308025.908003,21261.155010,310473.361139
600,0.005185,332569.632389,0.000000,308027.972665,308025.908003,81858.667105,310473.361139
601,0.005199,332569.632389,0.000000,308027.972665,308025.908003,123930.150944,310473.361139
602,0.005238,332569.632389,0.000000,308027.972665,308025.908003,-66481.641893,310473.361139
603,0.005258,332569.632389,0.000000,308027.972665,308025.908003,-139695.419585,310473.361139
604,0.005279,332569.632389,0.000000,308027.972665,308025.908003,-201893.544930,310473.361139
605,0.005306,332569.632389,0.000000,308027.972665,308025.908003,65272.203561,310473.361139
606,0.005319,332569.632389,332561.835000,308027.972665,308025.908003,25267.657253,310473.361139
607,0.005328,332569.632389,0.000000,308027.972665,308025.908003,-294450.938918,310473.361139
608,0.005344,332569.632389,0.000000,308027.972665,308025.908003,-188162.843029,310473.361139
609,0.005376,332569.632389,0.000000,308027.972665,308025.908003,-278520.512842,310473.361139
610,0.005383,332569.632389,0.000000,308027.972665,308025.908003,68864.189877,310473.361139
611,0.005440,332569.632389,0.000000,308027.972665,308025.908003,-266009.481798,310473.361139
612,0.005473,332569.632389,0.000000,308027.972665,308025.908003,-52878.969928,310473.361139
613,0.005502,332569.632389,0.000000,308027.972665,308025.908003,-97760.187738,310473.361139
614,0.005535,332569.632389,0.000000,308027.972665,308025.908003,-87506.023458,310473.361139
615,0.005546,332569.632389,0.000000,308027.972665,308025.908003,139305.621410,310473.361139
616,0.005606,332569.632389,0.000000,308027.972665,308025.908003,13629.759678,310473.361139
617,0.005633,332569.632389,0.000000,308027.972665,308025.908003,21409.511612,310473.361139
618,0.005642,332569.632389,0.000000,308027.972665,308025.908003,61981.353260,310473.361139
619,0.005652,332569.632389,0.000000,308027.972665,308025.908003,137889.505247,310473.361139
620,0.005670,332569.632389,332560.716988,308027.972665,308025.908003,22503.792169,310473.361139
621,0.005681,332569.632389,0.000000,308027.972665,308025.908003,1924.789554,310473.361139
622,0.005692,332569.632389,0.000000,308027.972665,308025.908003,-88962.533876,310473.361139
623,0.005741,332569.632389,0.000000,308027.972665,308025.908003,-14127.012876,310473.361139
624,0.005743,332569.632389,0.000000,308027.972665,308025.908003,-82658.976621,310473.361139
625,0.005760,332569.632389,0.000000,308027.972665,308025.908003,-95311.896101,310473.361139
626,0.005827,332569.632389,0.000000,308027.972665,308025.908003,-10718.764509,310473.361139
627,0.005863,332569.632389,0.000000,308027.972665,308025.908003,110965.054930,310473.361139
628,0.005896,332569.632389,0.000000,308027.972665,308025.908003,118362.589130,310473.361139
629,0.005897,332569.632389,0.000000,308027.972665,308025.908003,44340.820915,310473.361139
630,0.005954,332569.632389,0.000000,308027.972665,308025.908003,214492.545422,310473.361139
631,0.005971,332569.632389,0.000000,308027.972665,308025.908003,-44552.341860,310473.361139
632,0.006003,332569.632389,0.000000,308027.972665,308025.908003,-55076.912232,310473.361139
633,0.006026,332569.632389,0.000000,308027.972665,308025.908003,180862.009487,310473.361139
634,0.006042,332569.632389,0.000000,308027.972665,308025.908003,-48973.858191,310473.361139
635,0.006135,332569.632389,0.000000,308027.972665,308025.908003,246748.112106,310473.361139
636,0.006144,332569.632389,0.000000,308027.972665,308025.908003,-112519.528354,310473.361139
637,0.006187,332569.632389,0.000000,308027.972665,308025.908003,-216332.698958,310473.361139
638,0.006306,332569.632389,0.000000,308027.972665,308025.908003,-61448.758678,310473.361139
639,0.006311,332569.632389,0.000000,308027.972665,308025.908003,-82313.209195,310473.361139
640,0.006327,332569.632389,0.000000,308027.972665,308025.908003,6122.107292,310473.361139
641,0.006328,332569.632389,0.000000,308027.972665,308025.908003,3179.185841,310473.361139
642,0.006340,332569.632389,332558.581860,308027.972665,308025.908003,-142392.120503,310473.361139
643,0.006351,332569.632389,0.000000,308027.972665,308025.908003,-68801.779738,310473.361139
644,0.006353,332569.632389,0.000000,308027.972665,308025.908003,-13287.687998,310473.361139
645,0.006372,332569.632389,0.000000,308027.972665,308025.908003,-61396.953674,310473.361139
646,0.006382,332569.632389,0.000000,308027.972665,308025.908003,140280.530480,310473.361139
647,0.006441,332569.632389,0.000000,308027.972665,308025.908003,-96036.674374,310473.361139
648,0.006452,332569.632389,0.000000,308027.972665,308025.908003,-84928.573832,310473.361139
649,0.006480,332569.632389,0.000000,308027.972665,308025.908003,-86506.899127,310473.361139
650,0.006487,332569.632389,0.000000,308027.972665,308025.908003,57920.954880,310473.361139
651,0.006565,332569.632389,0.000000,308027.972665,308025.908003,-78565.074672,310473.361139
652,0.006570,332569.632389,0.000000,308027.972665,308025.908003,47722.240404,310473.361139
653,0.006586,332569.632389,0.000000,308027.972665,308025.908003,-117675.204688,310473.361139
654,0.006589,332569.632389,0.000000,308027.972665,308025.908003,-147183.493866,310473.361139
655,0.006602,332569.632389,0.000000,308027.972665,308025.908003,140937.938279,310473.361139
656,0.006633,332569.632389,0.000000,308027.972665,308025.908003,-22690.754512,310473.361139
657,0.006635,332569.632389,0.000000,308027.972665,308025.908003,-122542.669872,310473.361139
658,0.006644,332569.632389,0.000000,308027.972665,308025.908003,-39930.250751,310473.361139
659,0.006674,332569.632389,0.000000,308027.972665,308025.908003,-127966.501152,310473.361139
660,0.006678,332569.632389,0.000000,308027.972665,308025.908003,36226.647606,310473.361139
661,0.006688,332569.632389,0.000000,308027.972665,308025.908003,156110.428390,310473.361139
662,0.006713,332569.632389,0.000000,308027.972665,308025.908003,-174674.264439,310473.361139
663,0.006720,332569.632389,0.000000,308027.972665,308025.908003,-30555.887771,310473.361139
664,0.006757,332569.632389,0.000000,308027.972665,308025.908003,105812.782134,310473.361139
665,0.006825,332569.632389,0.000000,308027.972665,308025.908003,-164575.242205,310473.361139
666,0.006830,332569.632389,0.000000,308027.972665,308025.908003,-1344.531061,310473.361139
667,0.006855,332569.632389,0.000000,308027.972665,308025.908003,36927.961205,310473.361139
668,0.006858,332569.632389,0.000000,308027.972665,308025.908003,-43907.868158,310473.361139
669,0.006988,332569.632389,0.000000,308027.972665,308025.908003,-65050.872889,310473.361139
670,0.007014,332569.632389,332556.431007,308027.972665,308025.908003,119030.096562,310473.361139
671,0.007027,332569.632389,0.000000,308027.972665,308025.908003,37658.702004,310473.361139
672,0.007084,332569.632389,0.000000,308027.972665,308025.908003,191371.056733,310473.361139
673,0.007101,332569.632389,0.000000,308027.972665,308025.908003,29724.418813,310473.361139
674,0.007130,332569.632389,332556.063971,308027.972665,308025.908003,190153.947359,310473.361139
675,0.007203,332569.632389,0.000000,308027.972665,308025.908003,-189996.477755,310473.361139
676,0.007206,332569.632389,0.000000,308027.972665,308025.908003,79544.151477,310473.361139
677,0.007225,332569.632389,0.000000,308027.972665,308025.908003,-39618.430999,310473.361139
678,0.007256,332569.632389,0.000000,308027.972665,308025.908003,106786.637728,310473.361139
679,0.007286,332569.632389,0.000000,308027.972665,308025.908003,-24949.513923,310473.361139
680,0.007302,332569.632389,0.000000,308027.972665,308025.908003,170386.622631,310473.361139
681,0.007324,332569.632389,332555.443538,308027.972665,308025.908003,152242.354186,310473.361139
682,0.007340,332569.632389,0.000000,308027.972665,308025.908003,-95537.768138,310473.361139
683,0.007366,332569.632389,0.000000,308027.972665,308025.908003,44343.478329,310473.361139
684,0.007368,332569.632389,0.000000,308027.972665,308025.908003,84950.673786,310473.361139
685,0.007396,332569.632389,0.000000,308027.972665,308025.908003,283368.973120,310473.361139
686,0.007437,332569.632389,0.000000,308027.972665,308025.908003,-90811.595377,310473.361139
687,0.007437,332569.632389,332555.082837,308027.972665,308025.908003,-61483.216091,310473.361139
688,0.007475,332569.632389,0.000000,308027.972665,308025.908003,106727.264264,310473.361139
689,0.007487,332569.632389,0.000000,308027.972665,308025.908003,-66746.735635,310473.361139
690,0.007596,332569.632389,332554.577361,308027.972665,308025.908003,-37647.365238,310473.361139
691,0.007617,332569.632389,0.000000,308027.972665,308025.908003,-51158.164172,310473.361139
692,0.007643,332569.632389,0.000000,308027.972665,308025.908003,256683.555011,310473.361139
693,0.007683,332569.632389,0.000000,308027.972665,308025.908003,-48735.966237,310473.361139
694,0.007741,332569.632389,0.000000,308027.972665,308025.908003,81034.583106,310473.361139
695,0.007801,332569.632389,0.000000,308027.972665,308025.908003,-102232.673438,310473.361139
696,0.007899,332569.632389,332553.612652,308027.972665,308025.908003,-72042.886507,310473.361139
697,0.007933,332569.632389,0.000000,308027.972665,308025.908003,141009.082102,310473.361139
698,0.007988,332569.632389,0.000000,308027.972665,308025.908003,-116494.688255,310473.361139
699,0.008008,332569.632389,0.000000,308027.972665,308025.908003,23509.456885,310473.361139
700,0.008087,332569.632389,0.000000,308027.972665,308025.908003,57426.301386,310473.361139
701,0.008140,332569.632389,0.000000,308027.972665,308025.908003,319633.545480,310473.361139
702,0.008202,332569.632389,0.000000,308027.972665,308025.908003,-78494.702600,310473.361139
703,0.008250,332569.632389,0.000000,308027.972665,308025.908003,-397356.008098,310473.361139
704,0.008257,332569.632389,0.000000,308027.972665,308025.908003,185428.143431,310473.361139
705,0.008271,332569.632389,0.000000,308027.972665,308025.908003,59944.806511,310473.361139
706,0.008283,332569.632389,0.000000,308027.972665,308025.908003,13947.101945,310473.361139
707,0.008289,332569.632389,0.000000,308027.972665,308025.908003,-207043.667659,310473.361139
708,0.008334,332569.632389,0.000000,308027.972665,308025.908003,-46820.133021,310473.361139
709,0.008346,332569.632389,0.000000,308027.972665,308025.908003,-170818.549037,310473.361139
710,0.008351,332569.632389,0.000000,308027.972665,308025.908003,159801.354397,310473.361139
711,0.008359,332569.632389,0.000000,308027.972665,308025.908003,-3170.802877,310473.361139
712,0.008451,332569.632389,0.000000,308027.972665,308025.908003,-106067.999290,310473.361139
713,0.008515,332569.632389,0.000000,308027.972665,308025.908003,-107278.729155,310473.361139
714,0.008538,332569.632389,0.000000,308027.972665,308025.908003,-49039.065963,310473.361139
715,0.008566,332569.632389,0.000000,308027.972665,308025.908003,130482.999081,310473.361139
716,0.008603,332569.632389,0.000000,308027.972665,308025.908003,98241.932796,310473.361139
717,0.008636,332569.632389,0.000000,308027.972665,308025.908003,-24027.708126,310473.361139
718,0.008636,332569.632389,0.000000,308027.972665,308025.908003,-248490.750571,310473.361139
719,0.008697,332569.632389,0.000000,308027.972665,308025.908003,-47572.164859,310473.361139
720,0.008740,332569.632389,0.000000,308027.972665,308025.908003,22034.634813,310473.361139
721,0.008779,332569.632389,0.000000,308027.972665,308025.908003,27920.813959,310473.361139
722,0.008812,332569.632389,0.000000,308027.972665,308025.908003,143677.516025,310473.361139
723,0.008816,332569.632389,0.000000,308027.972665,308025.908003,-117470.640354,310473.361139
724,0.008837,332569.632389,0.000000,308027.972665,308025.908003,-53801.964743,310473.361139
725,0.008844,332569.632389,332550.598740,308027.972665,308025.908003,307755.038994,310473.361139
726,0.008889,332569.632389,0.000000,308027.972665,308025.908003,-108042.782655,310473.361139
727,0.008922,332569.632389,0.000000,308027.972665,308025.908003,105463.907058,310473.361139
728,0.008941,332569.632389,0.000000,308027.972665,308025.908003,-284090.070813,310473.361139
729,0.008947,332569.632389,0.000000,308027.972665,308025.908003,-118560.177890,310473.361139
730,0.008974,332569.632389,0.000000,308027.972665,308025.908003,64131.927635,310473.361139
731,0.008977,332569.632389,0.000000,308027.972665,308025.908003,-92830.856537,310473.361139
732,0.009018,332569.632389,0.000000,308027.972665,308025.908003,72944.098484,310473.361139
733,0.009054,332569.632389,0.000000,308027.972665,308025.908003,44918.960958,310473.361139
734,0.009110,332569.632389,0.000000,308027.972665,308025.908003,-118489.045712,310473.361139
735,0.009117,332569.632389,0.000000,308027.972665,308025.908003,-115910.883505,310473.361139
736,0.009120,332569.632389,332549.720039,308027.972665,308025.908003,140229.242418,310473.361139
737,0.009190,332569.632389,0.000000,308027.972665,308025.908003,74708.591392,310473.361139
738,0.009204,332569.632389,0.000000,308027.972665,308025.908003,-51183.503222,310473.361139
739,0.009210,332569.632389,0.000000,308027.972665,308025.908003,-20677.138194,310473.361139
740,0.009219,332569.632389,0.000000,308027.972665,308025.908003,-72858.383625,310473.361139
741,0.009262,332569.632389,0.000000,308027.972665,308025.908003,78370.569267,310473.361139
742,0.009291,332569.632389,0.000000,308027.972665,308025.908003,-215502.459030,310473.361139
743,0.009331,332569.632389,0.000000,308027.972665,308025.908003,-265953.998728,310473.361139
744,0.009332,332569.632389,0.000000,308027.972665,308025.908003,39643.522003,310473.361139
745,0.009381,332569.632389,0.000000,308027.972665,308025.908003,35361.638523,310473.361139
746,0.009412,332569.632389,0.000000,308027.972665,308025.908003,24997.289081,310473.361139
747,0.009446,332569.632389,0.000000,308027.972665,308025.908003,-160303.864826,310473.361139
748,0.009476,332569.632389,0.000000,308027.972665,308025.908003,-294618.749161,310473.361139
749,0.009500,332569.632389,0.000000,308027.972665,308025.908003,-112275.753656,310473.361139
750,0.009517,332569.632389,0.000000,308027.972665,308025.908003,-86784.097581,310473.361139
751,0.009563,332569.632389,0.000000,308027.972665,308025.908003,-66804.449635,310473.361139
752,0.009658,332569.632389,0.000000,308027.972665,308025.908003,7983.317637,310473.361139
753,0.009720,332569.632389,332547.805830,308027.972665,308025.908003,309087.765099,310473.361139
754,0.009814,332569.632389,0.000000,308027.972665,308025.908003,5646.922320,310473.361139
755,0.009862,332569.632389,0.000000,308027.972665,308025.908003,-54576.592335,310473.361139
756,0.009949,332569.632389,0.000000,308027.972665,308025.908003,136192.072430,310473.361139
757,0.009983,332569.632389,0.000000,308027.972665,308025.908003,-100113.797444,310473.361139
758,0.009994,332569.632389,332546.934452,308027.972665,308025.908003,-36819.977182,310473.361139
759,0.009995,332569.632389,0.000000,308027.972665,308025.908003,-155880.341907,310473.361139
760,0.010064,332569.632389,0.000000,308027.972665,308025.908003,58956.293152,310473.361139
761,0.010132,332569.632389,0.000000,308027.972665,308025.908003,155832.246005,310473.361139
762,0.010162,332569.632389,0.000000,308027.972665,308025.908003,-143115.672890,310473.361139
763,0.010179,332569.632389,0.000000,308027.972665,308025.908003,-150230.109507,310473.361139
764,0.010217,332569.632389,0.000000,308027.972665,308025.908003,257678.636930,310473.361139
765,0.010218,332569.632389,0.000000,308027.972665,308025.908003,4558.444378,310473.361139
766,0.010241,332569.632389,0.000000,308027.972665,308025.908003,-84393.205827,310473.361139
767,0.010318,332569.632389,0.000000,308027.972665,308025.908003,-69730.652830,310473.361139
768,0.010330,332569.632389,0.000000,308027.972665,308025.908003,-181782.334332,310473.361139
769,0.010388,332569.632389,0.000000,308027.972665,308025.908003,78783.962469,310473.361139
770,0.010392,332569.632389,0.000000,308027.972665,308025.908003,258919.408425,310473.361139
771,0.010395,332569.632389,332545.655826,308027.972665,308025.908003,12953.414883,310473.361139
772,0.010411,332569.632389,0.000000,308027.972665,308025.908003,-164107.668678,310473.361139
773,0.010444,332569.632389,332545.499049,308027.972665,308025.908003,-8951.211059,310473.361139
774,0.010455,332569.632389,0.000000,308027.972665,308025.908003,92491.081009,310473.361139
775,0.010480,332569.632389,0.000000,308027.972665,308025.908003,-90250.189529,310473.361139
776,0.010542,332569.632389,0.000000,308027.972665,308025.908003,-7881.789082,310473.361139
777,0.010545,332569.632389,0.000000,308027.972665,308025.908003,-2017.922164,310473.361139
778,0.010653,332569.632389,0.000000,308027.972665,308025.908003,179453.421657,310473.361139
779,0.010656,332569.632389,0.000000,308027.972665,308025.908003,40422.897474,310473.361139
780,0.010666,332569.632389,0.000000,308027.972665,308025.908003,-85537.085218,310473.361139
781,0.010679,332569.632389,0.000000,308027.972665,308025.908003,-29529.702574,310473.361139
782,0.010850,332569.632389,332544.204103,308027.972665,308025.908003,-114643.863678,310473.361139
783,0.010875,332569.632389,0.000000,308027.972665,308025.908003,-152696.197857,310473.361139
784,0.010903,332569.632389,0.000000,308027.972665,308025.908003,-67240.590105,310473.361139
785,0.010904,332569.632389,0.000000,308027.972665,308025.908003,-118343.212233,310473.361139
786,0.011009,332569.632389,332543.696959,308027.972665,308025.908003,-121314.992758,310473.361139
787,0.011015,332569.632389,0.000000,308027.972665,308025.908003,-73319.075704,310473.361139
788,0.011025,332569.632389,0.000000,308027.972665,308025.908003,23320.841916,310473.361139
789,0.011030,332569.632389,0.000000,308027.972665,308025.908003,-160594.217760,310473.361139
790,0.011033,332569.632389,0.000000,308027.972665,308025.908003,24080.178340,310473.361139
791,0.011066,332569.632389,332543.514345,308027.972665,308025.908003,-57864.010766,310473.361139
792,0.011068,332569.632389,0.000000,308027.972665,308025.908003,-24291.150383,310473.361139
793,0.011135,332569.632389,0.000000,308027.972665,308025.908003,-267776.568660,310473.361139
794,0.011170,332569.632389,0.000000,308027.972665,308025.908003,-92774.215507,310473.361139
795,0.011218,332569.632389,0.000000,308027.972665,308025.908003,-52829.549288,310473.361139
796,0.011234,332569.632389,0.000000,308027.972665,308025.908003,-153611.810707,310473.361139
797,0.011267,332569.632389,0.000000,308027.972665,308025.908003,-78196.713076,310473.361139
798,0.011289,332569.632389,0.000000,308027.972665,308025.908003,-69519.547269,310473.361139
799,0.011360,332569.632389,0.000000,308027.972665,308025.908003,-225211.841667,310473.361139
800,0.011434,332569.632389,0.000000,308027.972665,308025.908003,-124140.653569,310473.361139
801,0.011441,332569.632389,0.000000,308027.972665,308025.908003,-155930.216145,310473.361139
802,0.011462,332569.632389,0.000000,308027.972665,308025.908003,6816.891243,310473.361139
803,0.011472,332569.632389,0.000000,308027.972665,308025.908003,-128705.114394,310473.361139
804,0.011490,332569.632389,332542.164063,308027.972665,308025.908003,115161.821342,310473.361139
805,0.011495,332569.632389,0.000000,308027.972665,308025.908003,30634.769626,310473.361139
806,0.011502,332569.632389,0.000000,308027.972665,308025.908003,135219.360042,310473.361139
807,0.011590,332569.632389,0.000000,308027.972665,308025.908003,-83788.128724,310473.361139
808,0.011614,332569.632389,0.000000,308027.972665,308025.908003,-64443.512916,310473.361139
809,0.011640,332569.632389,0.000000,308027.972665,308025.908003,-45493.524194,310473.361139
810,0.011641,332569.632389,0.000000,308027.972665,308025.908003,66991.751012,310473.361139
811,0.011685,332569.632389,0.000000,308027.972665,308025.908003,37045.746432,310473.361139
812,0.011690,332569.632389,0.000000,308027.972665,308025.908003,-426361.478185,310473.361139
813,0.011769,332569.632389,0.000000,308027.972665,308025.908003,91937.776141,310473.361139
814,0.011769,332569.632389,0.000000,308027.972665,308025.908003,-186311.259908,310473.361139
815,0.011819,332569.632389,0.000000,308027.972665,308025.908003,-29608.175132,310473.361139
816,0.011870,332569.632389,332540.953306,308027.972665,308025.908003,70225.541985,310473.361139
817,0.011887,332569.632389,0.000000,308027.972665,308025.908003,179203.756116,310473.361139
818,0.011900,332569.632389,0.000000,308027.972665,308025.908003,179921.312799,310473.361139
819,0.011955,332569.632389,0.000000,308027.972665,308025.908003,-33374.212522,310473.361139
820,0.011983,332569.632389,0.000000,308027.972665,308025.908003,-174034.110819,310473.361139
821,0.012038,332569.632389,0.000000,308027.972665,308025.908003,165663.172474,310473.361139
822,0.012040,332569.632389,0.000000,308027.972665,308025.908003,214420.655549,310473.361139
823,0.012048,332569.632389,332540.384721,308027.972665,308025.908003,200894.148507,310473.361139
824,0.012062,332569.632389,0.000000,308027.972665,308025.908003,3446.995856,310473.361139
825,0.012093,332569.632389,0.000000,308027.972665,308025.908003,-53556.827999,310473.361139
826,0.012095,332569.632389,0.000000,308027.972665,308025.908003,95331.793739,310473.361139
827,0.012196,332569.632389,0.000000,308027.972665,308025.908003,156812.772911,310473.361139
828,0.012306,332569.632389,0.000000,308027.972665,308025.908003,-222106.824940,310473.361139
829,0.012320,332569.632389,0.000000,308027.972665,308025.908003,-8994.489005,310473.361139
830,0.012331,332569.632389,0.000000,308027.972665,308025.908003,-212523.738453,310473.361139
831,0.012358,332569.632389,0.000000,308027.972665,308025.908003,-6700.968461,310473.361139
832,0.012366,332569.632389,0.000000,308027.972665,308025.908003,-327157.362609,310473.361139
833,0.012435,332569.632389,0.000000,308027.972665,308025.908003,-29519.407791,310473.361139
834,0.012483,332569.632389,0.000000,308027.972665,308025.908003,-119533.809512,310473.361139
835,0.012631,332569.632389,0.000000,308027.972665,308025.908003,-185836.141522,310473.361139
836,0.012666,332569.632389,0.000000,308027.972665,308025.908003,57392.121493,310473.361139
837,0.012854,332569.632389,0.000000,308027.972665,308025.908003,-61121.410705,310473.361139
838,0.012856,332569.632389,332537.809100,308027.972665,308025.908003,-50054.880703,310473.361139
839,0.012858,332569.632389,0.000000,308027.972665,308025.908003,-1905.711665,310473.361139
840,0.012861,332569.632389,332537.792483,308027.972665,308025.908003,-126741.810044,310473.361139
841,0.012931,332569.632389,0.000000,308027.972665,308025.908003,7016.534552,310473.361139
842,0.012944,332569.632389,0.000000,308027.972665,308025.908003,-89965.924406,310473.361139
843,0.012971,332569.632389,0.000000,308027.972665,308025.908003,57717.804533,310473.361139
844,0.012989,332569.632389,0.000000,308027.972665,308025.908003,-59277.904827,310473.361139
845,0.013248,332569.632389,0.000000,308027.972665,308025.908003,-198957.721206,310473.361139
846,0.013287,332569.632389,0.000000,308027.972665,308025.908003,124271.157622,310473.361139
847,0.013365,332569.632389,0.000000,308027.972665,308025.908003,-155287.312649,310473.361139
848,0.013371,332569.632389,0.000000,308027.972665,308025.908003,-112699.858651,310473.361139
849,0.013375,332569.632389,0.000000,308027.972665,308025.908003,221902.679846,310473.361139
850,0.013455,332569.632389,0.000000,308027.972665,308025.908003,51907.563573,310473.361139
851,0.013493,332569.632389,0.000000,308027.972665,308025.908003,132526.639650,310473.361139
852,0.013559,332569.632389,0.000000,308027.972665,308025.908003,-144958.134546,310473.361139
853,0.013672,332569.632389,0.000000,308027.972665,308025.908003,-129346.543491,310473.361139
854,0.013699,332569.632389,0.000000,308027.972665,308025.908003,88638.037634,310473.361139
855,0.013720,332569.632389,0.000000,308027.972665,308025.908003,26712.240549,310473.361139
856,0.013730,332569.632389,0.000000,308027.972665,308025.908003,-116603.703680,310473.361139
857,0.013785,332569.632389,0.000000,308027.972665,308025.908003,-129979.299811,310473.361139
858,0.013830,332569.632389,0.000000,308027.972665,308025.908003,51153.513641,310473.361139
859,0.013833,332569.632389,0.000000,308027.972665,308025.908003,-136720.269063,310473.361139
860,0.013857,332569.632389,0.000000,308027.972665,308025.908003,9319.775821,310473.361139
861,0.013870,332569.632389,0.000000,308027.972665,308025.908003,-105962.177214,310473.361139
862,0.013872,332569.632389,0.000000,308027.972665,308025.908003,-195365.454139,310473.361139
863,0.013900,332569.632389,0.000000,308027.972665,308025.908003,93594.389440,310473.361139
864,0.013932,332569.632389,0.000000,308027.972665,308025.908003,-314114.584523,310473.361139
865,0.013933,332569.632389,0.000000,308027.972665,308025.908003,71025.726832,310473.361139
866,0.013955,332569.632389,0.000000,308027.972665,308025.908003,34246.085697,310473.361139
867,0.013981,332569.632389,0.000000,308027.972665,308025.908003,15457.936522,310473.361139
868,0.014004,332569.632389,0.000000,308027.972665,308025.908003,133407.443422,310473.361139
869,0.014116,332569.632389,0.000000,308027.972665,308025.908003,113156.821812,310473.361139
870,0.014260,332569.632389,0.000000,308027.972665,308025.908003,37066.515422,310473.361139
871,0.014275,332569.632389,0.000000,308027.972665,308025.908003,78758.464740,310473.361139
872,0.014411,332569.632389,0.000000,308027.972665,308025.908003,-93006.209810,310473.361139
873,0.014429,332569.632389,0.000000,308027.972665,308025.908003,-276210.239791,310473.361139
874,0.014514,332569.632389,0.000000,308027.972665,308025.908003,69320.886754,310473.361139
875,0.014516,332569.632389,0.000000,308027.972665,308025.908003,-165142.833563,310473.361139
876,0.014518,332569.632389,0.000000,308027.972665,308025.908003,-325114.988437,310473.361139
877,0.014565,332569.632389,0.000000,308027.972665,308025.908003,-68801.201439,310473.361139
878,0.014609,332569.632389,0.000000,308027.972665,308025.908003,-91580.001561,310473.361139
879,0.014613,332569.632389,0.000000,308027.972665,308025.908003,100192.184626,310473.361139
880,0.014632,332569.632389,0.000000,308027.972665,308025.908003,66809.580695,310473.361139
881,0.014690,332569.632389,0.000000,308027.972665,308025.908003,89690.783167,310473.361139
882,0.014724,332569.632389,0.000000,308027.972665,308025.908003,-176874.236692,310473.361139
883,0.014729,332569.632389,0.000000,308027.972665,308025.908003,-246896.631948,310473.361139
884,0.014781,332569.632389,0.000000,308027.972665,308025.908003,156138.155167,310473.361139
885,0.014803,332569.632389,0.000000,308027.972665,308025.908003,-1604.718013,310473.361139
886,0.014826,332569.632389,0.000000,308027.972665,308025.908003,85801.997497,310473.361139
887,0.014896,332569.632389,332531.302911,308027.972665,308025.908003,-4364.819155,310473.361139
888,0.014900,332569.632389,332531.290948,308027.972665,308025.908003,-104485.053685,310473.361139
889,0.014933,332569.632389,0.000000,308027.972665,308025.908003,215958.182472,310473.361139
890,0.014955,332569.632389,0.000000,308027.972665,308025.908003,89165.301730,310473.361139
891,0.014981,332569.632389,0.000000,308027.972665,308025.908003,89880.244064,310473.361139
892,0.015030,332569.632389,332530.874625,308027.972665,308025.908003,-107427.298991,310473.361139
893,0.015032,332569.632389,0.000000,308027.972665,308025.908003,55532.854458,310473.361139
894,0.015051,332569.632389,0.000000,308027.972665,308025.908003,-145158.736458,310473.361139
895,0.015231,332569.632389,0.000000,308027.972665,308025.908003,-17851.848431,310473.361139
896,0.015248,332569.632389,0.000000,308027.972665,308025.908003,384085.275784,310473.361139
897,0.015302,332569.632389,0.000000,308027.972665,308025.908003,-97582.893843,310473.361139
898,0.015324,332569.632389,0.000000,308027.972665,308025.908003,176348.837024,310473.361139
899,0.015471,332569.632389,0.000000,308027.972665,308025.908003,83037.493739,310473.361139
900,0.015543,332569.632389,0.000000,308027.972665,308025.908003,51983.675298,310473.361139
901,0.015672,332569.632389,0.000000,308027.972665,308025.908003,-42709.422269,310473.361139
902,0.015689,332569.632389,332528.774700,308027.972665,308025.908003,-52111.028769,310473.361139
903,0.015690,332569.632389,0.000000,308027.972665,308025.908003,-70647.751060,310473.361139
904,0.015740,332569.632389,0.000000,308027.972665,308025.908003,-180781.956946,310473.361139
905,0.015748,332569.632389,0.000000,308027.972665,308025.908003,191500.998226,310473.361139
906,0.015769,332569.632389,0.000000,308027.972665,308025.908003,-86229.113132,310473.361139
907,0.015784,332569.632389,0.000000,308027.972665,308025.908003,10926.609292,310473.361139
908,0.015785,332569.632389,0.000000,308027.972665,308025.908003,2350.038860,310473.361139
909,0.015903,332569.632389,0.000000,308027.972665,308025.908003,-84279.037063,310473.361139
910,0.015923,332569.632389,0.000000,308027.972665,308025.908003,-143685.346279,310473.361139
911,0.016100,332569.632389,0.000000,308027.972665,308025.908003,-2732.085691,310473.361139
912,0.016233,332569.632389,0.000000,308027.972665,308025.908003,-282192.001905,310473.361139
913,0.016394,332569.632389,0.000000,308027.972665,308025.908003,-78368.288549,310473.361139
914,0.016505,332569.632389,0.000000,308027.972665,308025.908003,-26299.853701,310473.361139
915,0.016783,332569.632389,0.000000,308027.972665,308025.908003,-17992.239437,310473.361139
916,0.016866,332569.632389,0.000000,308027.972665,308025.908003,73046.844211,310473.361139
917,0.016956,332569.632389,0.000000,308027.972665,308025.908003,-91263.931812,310473.361139
918,0.016964,332569.632389,0.000000,308027.972665,308025.908003,52201.526391,310473.361139
919,0.016986,332569.632389,0.000000,308027.972665,308025.908003,-77334.973765,310473.361139
920,0.017061,332569.632389,0.000000,308027.972665,308025.908003,-26129.967181,310473.361139
921,0.017072,332569.632389,0.000000,308027.972665,308025.908003,-13377.611872,310473.361139
922,0.017079,332569.632389,0.000000,308027.972665,308025.908003,35012.099073,310473.361139
923,0.017081,332569.632389,332524.335256,308027.972665,308025.908003,217948.127723,310473.361139
924,0.017083,332569.632389,0.000000,308027.972665,308025.908003,35933.743433,310473.361139
925,0.017132,332569.632389,0.000000,308027.972665,308025.908003,93457.452092,310473.361139
926,0.017391,332569.632389,332523.343458,308027.972665,308025.908003,133597.442694,310473.361139
927,0.017472,332569.632389,332523.088090,308027.972665,308025.908003,-140431.159990,310473.361139
928,0.017521,332569.632389,0.000000,308027.972665,308025.908003,-11856.627888,310473.361139
929,0.017618,332569.632389,332522.620988,308027.972665,308025.908003,113209.312230,310473.361139
930,0.017647,332569.632389,0.000000,308027.972665,308025.908003,1206.437144,310473.361139
931,0.017758,332569.632389,0.000000,308027.972665,308025.908003,-158270.987442,310473.361139
932,0.017873,332569.632389,332521.807555,308027.972665,308025.908003,80980.285029,310473.361139
933,0.018081,332569.632389,0.000000,308027.972665,308025.908003,234113.632966,310473.361139
934,0.018148,332569.632389,0.000000,308027.972665,308025.908003,-31913.325010,310473.361139
935,0.018215,332569.632389,0.000000,308027.972665,308025.908003,11797.640792,310473.361139
936,0.018462,332569.632389,0.000000,308027.972665,308025.908003,12087.614049,310473.361139
937,0.018640,332569.632389,0.000000,308027.972665,308025.908003,115903.132403,310473.361139
938,0.018650,332569.632389,0.000000,308027.972665,308025.908003,48855.126275,310473.361139
939,0.018741,332569.632389,0.000000,308027.972665,308025.908003,136364.974706,310473.361139
940,0.018768,332569.632389,0.000000,308027.972665,308025.908003,-307314.927455,310473.361139
941,0.018870,332569.632389,0.000000,308027.972665,308025.908003,-125816.595310,310473.361139
942,0.018929,332569.632389,0.000000,308027.972665,308025.908003,-73553.409862,310473.361139
943,0.019067,332569.632389,0.000000,308027.972665,308025.908003,-156224.563407,310473.361139
944,0.019095,332569.632389,0.000000,308027.972665,308025.908003,-216271.901012,310473.361139
945,0.019134,332569.632389,0.000000,308027.972665,308025.908003,-333773.187036,310473.361139
946,0.019187,332569.632389,0.000000,308027.972665,308025.908003,-63276.344649,310473.361139
947,0.019213,332569.632389,0.000000,308027.972665,308025.908003,-27895.503742,310473.361139
948,0.019291,332569.632389,0.000000,308027.972665,308025.908003,122643.372918,310473.361139
949,0.019309,332569.632389,0.000000,308027.972665,308025.908003,127795.263473,310473.361139
950,0.019337,332569.632389,0.000000,308027.972665,308025.908003,-2915.708848,310473.361139
951,0.019377,332569.632389,0.000000,308027.972665,308025.908003,42876.450809,310473.361139
952,0.019400,332569.632389,0.000000,308027.972665,308025.908003,-89577.704929,310473.361139
953,0.019447,332569.632389,0.000000,308027.972665,308025.908003,86510.733909,310473.361139
954,0.019661,332569.632389,0.000000,308027.972665,308025.908003,-157408.883873,310473.361139
955,0.019675,332569.632389,0.000000,308027.972665,308025.908003,-114046.261046,310473.361139
956,0.019706,332569.632389,0.000000,308027.972665,308025.908003,-275327.245989,310473.361139
957,0.019713,332569.632389,0.000000,308027.972665,308025.908003,-137094.543118,310473.361139
958,0.019724,332569.632389,0.000000,308027.972665,308025.908003,-136267.548191,310473.361139
959,0.019743,332569.632389,0.000000,308027.972665,308025.908003,-3432.666680,310473.361139
960,0.019845,332569.632389,0.000000,308027.972665,308025.908003,-58449.045803,310473.361139
961,0.020039,332569.632389,0.000000,308027.972665,308025.908003,-24248.769577,310473.361139
962,0.020116,332569.632389,0.000000,308027.972665,308025.908003,71303.163801,310473.361139
963,0.020199,332569.632389,332514.386285,308027.972665,308025.908003,47522.907884,310473.361139
964,0.020544,332569.632389,0.000000,308027.972665,308025.908003,-183468.779462,310473.361139
965,0.020638,332569.632389,0.000000,308027.972665,308025.908003,62270.298257,310473.361139
966,0.020694,332569.632389,332512.807996,308027.972665,308025.908003,65971.078733,310473.361139
967,0.020736,332569.632389,0.000000,308027.972665,308025.908003,30693.973341,310473.361139
968,0.020815,332569.632389,0.000000,308027.972665,308025.908003,-45929.710602,310473.361139
969,0.020868,332569.632389,0.000000,308027.972665,308025.908003,-14032.910401,310473.361139
970,0.021236,332569.632389,0.000000,308027.972665,308025.908003,-38179.913796,310473.361139
971,0.021287,332569.632389,0.000000,308027.972665,308025.908003,12718.264912,310473.361139
972,0.021497,332569.632389,0.000000,308027.972665,308025.908003,-185745.061839,310473.361139
973,0.021649,332569.632389,0.000000,308027.972665,308025.908003,-100984.734493,310473.361139
974,0.021698,332569.632389,0.000000,308027.972665,308025.908003,-115645.799532,310473.361139
975,0.021755,332569.632389,0.000000,308027.972665,308025.908003,-19824.736600,310473.361139
976,0.021776,332569.632389,0.000000,308027.972665,308025.908003,-20426.002760,310473.361139
977,0.021829,332569.632389,0.000000,308027.972665,308025.908003,-149060.773188,310473.361139
978,0.021886,332569.632389,0.000000,308027.972665,308025.908003,-31152.122996,310473.361139
979,0.022064,332569.632389,332508.435608,308027.972665,308025.908003,-232921.183401,310473.361139
980,0.022080,332569.632389,0.000000,308027.972665,308025.908003,29348.914331,310473.361139
981,0.022145,332569.632389,0.000000,308027.972665,308025.908003,-274935.986450,310473.361139
982,0.022180,332569.632389,332508.067099,308027.972665,308025.908003,-24088.799391,310473.361139
983,0.022340,332569.632389,332507.557209,308027.972665,308025.908003,214591.481387,310473.361139
984,0.022673,332569.632389,0.000000,308027.972665,308025.908003,-68592.534094,310473.361139
985,0.022765,332569.632389,0.000000,308027.972665,308025.908003,-70137.422698,310473.361139
986,0.023150,332569.632389,0.000000,308027.972665,308025.908003,135366.303876,310473.361139
987,0.023942,332569.632389,0.000000,308027.972665,308025.908003,18283.191278,310473.361139
988,0.024009,332569.632389,0.000000,308027.972665,308025.908003,101409.268853,310473.361139
989,0.024311,332569.632389,0.000000,308027.972665,308025.908003,-166821.440589,310473.361139
990,0.024336,332569.632389,0.000000,308027.972665,308025.908003,-102193.213268,310473.361139
991,0.024476,332569.632389,0.000000,308027.972665,308025.908003,129621.020727,310473.361139
992,0.024966,332569.632389,0.000000,308027.972665,308025.908003,-130257.902254,310473.361139
993,0.025063,332569.632389,0.000000,308027.972665,308025.908003,-67040.484234,310473.361139
994,0.025101,332569.632389,0.000000,308027.972665,308025.908003,17943.833867,310473.361139
995,0.025348,332569.632389,0.000000,308027.972665,308025.908003,119042.877932,310473.361139
996,0.026623,332569.632389,0.000000,308027.972665,308025.908003,-89811.455793,310473.361139
997,0.026779,332569.632389,0.000000,308027.972665,308025.908003,-129789.651165,310473.361139
998,0.027372,332569.632389,0.000000,308027.972665,308025.908003,227022.013354,310473.361139
999,0.030599,332569.632389,0.000000,308027.972665,308025.908003,-144330.002788,310473.361139
